
-----------------------------------------------

Learning Rate: 1
Mean: [0.0, 2.4671622769447924e-18, 2.4671622769447924e-18, 1.7270135938613546e-17, 9.8686491077791696e-18, 9.8686491077791696e-18, -1.7270135938613546e-17, -9.8686491077791696e-18, -7.4014868308343768e-18, 0.0, 9.8686491077791696e-18, 9.8686491077791696e-18, 2.4671622769447924e-18, -1.4802973661668754e-17, 7.4014868308343768e-18, 3.7007434154171884e-18, 4.9343245538895848e-18, 0.0, -6.1679056923619804e-18, -7.4014868308343768e-18, -4.9343245538895848e-18, -1.7270135938613546e-17, 4.9343245538895848e-18, -1.7270135938613546e-17, -2.4671622769447924e-18, 2.4671622769447924e-18, -2.4671622769447924e-18, -1.2335811384723961e-17, 2.4671622769447924e-18, 9.8686491077791696e-18, 1.9737298215558339e-17, -4.9343245538895848e-18, -7.4014868308343768e-18, -2.4671622769447924e-18, 1.4802973661668754e-17, -9.8686491077791696e-18, -9.8686491077791696e-18, -9.8686491077791696e-18, 2.4671622769447924e-18, 4.9343245538895848e-18, -4.9343245538895848e-18, 0.0, 4.9343245538895848e-18, 9.8686491077791696e-18, 1.2335811384723961e-17, 1.7270135938613546e-17, 2.4671622769447924e-18, -2.1587669923266933e-18, 2.4671622769447924e-18, 9.8686491077791696e-18, 4.9343245538895848e-18, -1.4802973661668754e-17, -7.4014868308343768e-18, 0.0, 9.8686491077791696e-18, 4.9343245538895848e-18, -2.4671622769447922e-17, 4.9343245538895848e-18, 1.4802973661668754e-17, 4.9343245538895848e-18, -1.2335811384723961e-17, 1.2335811384723962e-18, 2.4671622769447924e-18]
Std: [1.0, 1.0, 1.0, 1.0000000000000002, 0.99999999999999978, 0.99999999999999978, 1.0, 1.0, 1.0, 0.99999999999999989, 0.99999999999999989, 0.99999999999999989, 0.99999999999999978, 1.0, 0.99999999999999989, 0.99999999999999989, 0.99999999999999989, 0.99999999999999989, 1.0, 1.0, 0.99999999999999978, 1.0, 0.99999999999999978, 0.99999999999999967, 1.0, 0.99999999999999978, 0.99999999999999989, 0.99999999999999967, 0.99999999999999989, 0.99999999999999989, 1.0000000000000002, 1.0, 0.99999999999999978, 0.99999999999999978, 1.0000000000000002, 1.0, 0.99999999999999978, 1.0, 1.0, 1.0, 1.0, 1.0, 1.0, 0.99999999999999989, 0.99999999999999978, 1.0, 0.99999999999999989, 0.99999999999999989, 1.0, 1.0, 0.99999999999999989, 1.0, 0.99999999999999989, 1.0, 0.99999999999999978, 0.99999999999999989, 1.0000000000000002, 1.0, 1.0, 0.99999999999999978, 1.0, 1.0, 1.0]
Weights: [ -18.29982177  -68.54564116  -78.62142983   65.82919051  -56.46527939
   81.53687392   80.55337297  -59.32980783   72.00930677  -12.95991691
  -46.690091    -31.38928964   89.52155366  -35.53256871   26.31314088
  -85.5150113   -60.81899317   43.9347124  -104.255293     75.48620379
  -33.45910292   94.51662472  -88.76745847  100.32472643  -26.48313797
   83.28058962   51.50621248  -38.54556218   36.46733341   49.27571319
  -97.30879348   32.89717324  -42.7758628    84.78492669  -76.08450541
  -20.1921281   -18.34838633  -81.42747364   -9.33588163  -82.39362133
  -78.62613443  -71.94697069    5.10555214    7.01421654   -1.96698036
    1.75237183   41.74393583   14.86647997  -49.46298042   34.58240778
  -11.51587213  -79.49393807  -22.49228592   92.53022708  -60.52773226
   96.52379252   35.48232198    9.47510813   25.28049152   21.38346683
  -49.0996821    35.08877163   40.00328314   -8.05220123]
Number of iterations: 325
Error over time: [29.857752090647061, 29.166851213215942, 28.43861379276769, 27.748163627067669, 26.981471058857501, 26.239921629928222, 25.474560564994974, 24.708978272503686, 23.992567964375944, 23.275098092644754, 22.529130598298224, 21.806851004596087, 21.034312363851438, 20.261255489409006, 19.511546448707183, 18.760366291207813, 17.983547213050343, 17.20733552937941, 16.430805430548894, 15.654514093065771, 14.902958532229651, 14.126454230851998, 13.350523289682194, 12.574804353335677, 11.799468120991017, 11.024437132556399, 10.249787239475568, 9.4757250177406789, 8.7030369798094558, 7.932367449320326, 7.1632217525072885, 6.3962511565315863, 5.6331599540265263, 4.8778387657838058, 4.1390223535667134, 3.4355850231115612, 2.8031814203395058, 2.2915090475793556, 1.9345087301550352, 1.7413132504047777, 1.6142292840643466, 1.5385579932318019, 1.5158278999386501, 1.4845818697888649, 1.4627368277636179, 1.4467029899930361, 1.4344163542013437, 1.4236707883960069, 1.4156118034651886, 1.4087700039419868, 1.4022429490349018, 1.3969237553121181, 1.3920854530211995, 1.3872115732460382, 1.3830201604588916, 1.3787764196271326, 1.375070625486609, 1.3728999608493682, 1.3716907509425813, 1.3708666351379668, 1.3702060694555576, 1.369648657300927, 1.3691663469772073, 1.3687420062129234, 1.3683637266146331, 1.3679268536716374, 1.3676224347603616, 1.3672629944141383, 1.3669362441106405, 1.3666360967649522, 1.3663578720066634, 1.3660454867574889, 1.3658045409978121, 1.3655320177315831, 1.3652766674005079, 1.3649995872235041, 1.3647406380513505, 1.3644966585313316, 1.3642652257332561, 1.3639948349491036, 1.363763916986269, 1.3635230073258959, 1.3632756237837098, 1.3630415330281784, 1.3628030802151097, 1.3625765246711556, 1.3623340760467801, 1.3621042870632922, 1.3618743341931119, 1.3616452102376049, 1.3614086778515548, 1.3611758239652545, 1.3609468026270681, 1.3607216771800834, 1.3604941755069069, 1.360265807743821, 1.3600377572435101, 1.3598061632642309, 1.3595816320704053, 1.3593554570660833, 1.3591289879226589, 1.3589032700491608, 1.358679093373822, 1.3584542589035435, 1.3582298855268795, 1.3580045053711733, 1.3577814668632893, 1.3575592274657706, 1.357336764622364, 1.3571134604582438, 1.3568919717873456, 1.356670106034475, 1.3564489129681705, 1.3562280555301132, 1.356007373545103, 1.3557877843007948, 1.3555682413463175, 1.3553488910368421, 2.3152629628889931, 2.3086398263469774, 2.302017854332262, 2.295396676469907, 2.2887755936159411, 2.2821556015140647, 2.2755361804978156, 2.268917429745418, 2.2622991353632771, 2.2556815515954804, 2.2490643330038509, 2.242448134681974, 2.2358322322324509, 2.2292171116111779, 2.2226025570311863, 2.2159886819387378, 2.2093754622600361, 2.2027626345573581, 2.1961506763663854, 2.1895391874472967, 2.1829282082876058, 2.1763179545930837, 2.1697083399665886, 2.163099188722339, 2.1564907102930939, 2.1498828094091227, 2.1432754208066127, 2.1366687040209102, 2.1300625417714456, 2.1234569249310655, 2.1168519203024561, 2.1102474172988122, 2.1036435380364407, 2.0970402089301476, 2.0904374157947205, 2.0838351893860176, 2.0772334766196807, 2.0706323400672777, 2.064031747531728, 2.0574316585729222, 2.0508321177228117, 2.0442330962626056, 2.0376345946165273, 2.0310366064229428, 2.0244391273238111, 2.0178421604036867, 2.0112456952177222, 2.0046497082432917, 1.9980542250346125, 1.9914592152469448, 1.9848646959424672, 1.9782706426236623, 1.9716770607364886, 1.965083941881328, 1.9584912752217096, 1.9518990655810882, 1.9453073040388262, 1.9387159835936327, 1.9321250966923622, 1.925534641707086, 1.9189446095578966, 1.9123549991437185, 1.905765803112957, 1.8991770137893258, 1.8925886272418733, 1.8860006369876599, 1.8794130412327368, 1.8728258305447882, 1.8662390003621321, 1.8596525477940269, 1.8530664642543571, 1.8464807439775706, 1.8398953856367573, 1.8333103794947989, 1.8267257227174281, 1.8201414104247287, 1.8135574358802198, 1.8069737944644375, 1.8003904807731697, 1.7938074900864207, 1.7872248178958718, 1.780642458552919, 1.7740604066680814, 1.7674786582744484, 1.7608972080326715, 1.7543160510334641, 1.7477351828386269, 1.7411545985885868, 1.7345742937015274, 1.7279942634686984, 1.7214145036007409, 1.714835009325955, 1.7082557763447155, 1.7016768003536182, 1.6950980770578286, 1.6885196019482465, 1.6819413711818483, 1.6753633804750823, 1.6687856256734548, 1.6622081028807296, 1.6556308081260249, 1.6490537374519689, 1.6424768871077711, 1.6359002533018072, 1.6293238322088606, 1.6227476202274016, 1.6161716137896305, 1.6095958093423512, 1.6030202033101484, 1.6209211432776658, 1.6098207899368855, 1.5993107404659006, 1.588779416417758, 1.5782483477441613, 1.5677174883065572, 1.5571868114574217, 1.5466563115099572, 1.5361259888550478, 1.5255959018679723, 1.5150671058073157, 1.504557710379488, 1.4943411125357877, 1.4859405373136065, 1.4792697379303894, 1.4728406853929146, 1.4664694627861736, 1.4601226240726584, 1.4537889304294289, 1.4474633850654026, 1.4411433656050192, 1.4348273336235811, 1.4285143114027519, 1.4222036388024384, 1.4158948488435734, 1.4095875986804187, 1.4032816290046293, 1.3969767388724441, 1.3906727694575503, 1.3843695931062459, 1.3780671057742995, 1.3717652216929841, 1.3654638694592696, 1.3591629890561254, 1.3528625297526919, 1.3465624483239143, 1.3402627077162073, 1.3339632760908593, 1.3276641258437076, 1.3213652330402001, 1.315066576786871, 1.3087681388225287, 1.302469903079261, 1.2961718556505286, 1.2898740050407236, 1.2835780787731377, 1.2774207632944803, 1.2741830793221605, 1.2739823799463306, 1.2738674183806875, 1.2737744720129329, 1.2736912872495489, 1.2736134964789168, 1.2735390651861198, 1.2734668821662209, 1.2733962730097865, 1.2733267973059268, 1.2732581520773298, 1.2731901210573635, 1.2731225456697934, 1.2730553074920272, 1.2729883168756275, 1.2729215054987302, 1.2728548209919879, 1.2727882231640606, 1.2727216813091407, 1.2726551720164123, 1.272588677624267, 1.2725221850118689, 1.2724556846023158, 1.2723891695982505, 1.2723226354286048, 1.2722560792491382, 1.2721894995118963, 1.2721228957611661, 1.2720562683094361, 1.2719896180470045, 1.271922946338637, 1.2718562548470875, 1.27178954544151, 1.2717228201713526, 1.2716560811038258, 1.271589330376919, 1.2715225700967758, 1.2714558023407738, 1.271389029130864, 1.2713222523914691, 1.2712554739703206, 1.2711886956452503, 1.2711219190701299, 1.2710551457885899, 1.2709883772999919, 1.2709216149159246, 1.2708548599377933, 1.2707881135288404, 1.2707213767613417, 1.2706546506380627, 1.2705879360661811]