
-----------------------------------------------

Learning Rate: 1
Mean: [23891491719.270657, 5866393220.0162535, 1361383084.2077587, -1.9796956195255584e+17, -48499101531718000.0, -11697195336287484.0, -2756078652048281.0, -3065945724.3506665, -1690056848.0988812, -349405758.13020331, -9142403200813598.0, -3896558797687897.0, -2485233434095847.5, -165154490829419.19, 75729127.396072775, 275236752.31717283, 3421639023.487534, 84015905944781.062, -94092429281171.953, -1430832227995050.5, -14615658374336154.0, 1390200730.6371861, 20320452915.01379, 272291688483.20618, 3156188597537994.5, 41454242244214752.0, 5.6337289517615898e+17, 7.6752935591691284e+18, -179803641.68849072, -137974447.45402095, 372448647.17410636, -145373833454788.16, -34991935967907.012, 155126326312896.72, -411662095876684.44, -3663531562.7830653, 970573510.01475453, -2232788430.590795, -9343777880642538.0, 6156597419450850.0, -1308011623708921.2, 4244877834871303.0, 456560087.40988886, -1207357468.6460681, -7589951564.5717936, 565880649244110.38, -1086420354531106.1, -243769295820059.97, -46937548940189752.0, 368130476470.70441, -147331895969.74261, 59843655639.543793, -1.1333483428546744e+19, 4.4446678883139292e+18, -1.7490521679478223e+18, 6.9208723564167283e+17, 2515219098.9405036, -4904861378.5713215, 22205192207.304512, -29235551523401296.0, 2.304744152392289e+17, -1.6469366575427108e+18, 1.1901562570113585e+19]
Std: [640164324612.38599, 156814546758.47116, 37333994770.990273, 5.3082462870328617e+18, 1.3002879173978929e+18, 3.1353276860716813e+17, 74369679530396112.0, 80996077353.146652, 39319082558.548454, 25367760574.287994, 2.3756809198718202e+17, 1.1281930763293706e+17, 55215425635090064.0, 33795757853616828.0, 3494555305.0711164, 14498462223.496389, 114753162093.98784, 1780798854930899.8, 4534212570771322.0, 46943268613365944.0, 3.9493028599167878e+17, 40190867536.041496, 537724046997.99677, 7334004606765.8545, 83201243354886896.0, 1.1157894225294026e+18, 1.5090106408636051e+19, 2.0583396169841371e+20, 6113050810.5043268, 4244589760.0967212, 10445480933.08226, 4682454072320652.0, 1846693027833918.2, 4313824576912245.0, 11013201587944736.0, 87311488706.547104, 50939829358.385124, 44200977388.968628, 2.6414467662569043e+17, 1.4354568474193645e+17, 86757895506988032.0, 82815086517670000.0, 12959781290.404713, 25401201719.476162, 238658014616.73282, 15277673238934730.0, 27246269176315092.0, 72210182165272144.0, 1.1834129632560079e+18, 9458725553706.4316, 3693930438881.9517, 1446060835058.9392, 3.0107141928496117e+20, 1.1740110178900813e+20, 4.578089991717616e+19, 1.7856177938795469e+19, 172960725975.155, 1216046001053.5, 8762868898219.8701, 6.1684198168352768e+17, 4.3795806264807188e+18, 3.1399151863290974e+19, 2.2593436503509192e+20]
Weights: [ -25.48815716   29.25086429 -112.02285139   27.39343023  110.71798303
  -71.27537779  -76.21100282  -12.55880117  -52.7739978    53.80140265
   64.14765971   96.91921851  -82.5755425   -37.66146585  -48.72846694
  -31.25349051   67.89611633 -104.74381452   -0.11497163  -66.6984845
  -65.29987314   76.47869427   13.16252463   67.33029808 -105.41341236
   -4.67826185  -58.40468407   19.5277318    56.54280612  -33.80539702
   22.5789898    83.02959106   81.11279182   37.30825694  -36.44397837
   81.55813479   92.74068258   98.85531329  -48.53614423  -56.41717474
   -5.62250127   86.40517977  -28.03918612   88.73365574   85.28691008
   52.29232033  -80.72363178   91.83205043  -92.37854803   77.79473252
  -89.89998223   84.97175835   41.91456439  -82.19508823  -59.82093073
  -76.15328507  -32.88797834  -74.72478388  -37.70584087   41.72057603
   41.14239035   26.41633133    0.42599189   11.7455049 ]
Number of iterations: 881
Error over time: [11.77417711732501, 11.756416676436078, 11.738656235556324, 11.720895794685115, 11.7031353538225, 11.685374912967827, 11.667614472121159, 11.649854031282207, 11.632093590450307, 11.614333149625807, 11.596572708807887, 11.578812267996705, 11.561051827191889, 11.5432913863932, 11.525530945600305, 11.507770504813509, 11.490010064032122, 11.472249623256342, 11.454489182485512, 11.436728741719962, 11.418968300959166, 11.401207860203122, 11.383447419452006, 11.365686978705293, 11.347926537962719, 11.330166097224872, 11.31240565649099, 11.294645215761603, 11.276884775036139, 11.259124334314793, 11.241363893597715, 11.223603452884211, 11.205843012175043, 11.188082571470614, 11.170322130769618, 11.152561690073769, 11.134801249382424, 11.117040808696229, 11.099280368014542, 11.081519927338682, 11.063759486669543, 11.045999046006267, 11.028238605350809, 11.010478164703692, 10.992717724065088, 10.974957283437623, 10.957196842822039, 10.939436402219235, 10.943264199276193, 10.913421967662194, 10.883638252175835, 10.853855036692082, 10.825609285257334, 10.807965319054126, 10.791142569493497, 10.774336309395348, 10.757537362333013, 10.740742120333453, 10.723948880067073, 10.707156758742657, 10.690365274816815, 10.673574157906474, 10.656783253657524, 10.639992473097957, 10.623201764675317, 10.606411098415553, 10.589620456871884, 10.572829829892351, 10.556039211560631, 10.539248598462367, 10.522457988613231, 10.505667380907393, 10.488876774731891, 10.472086169763346, 10.455295565893318, 10.438504963092944, 10.421714361437925, 10.404923761060072, 10.388133162122443, 10.371342564854899, 10.354551969516795, 10.337761376437923, 10.320970785977845, 10.304180198592714, 10.287389614791891, 10.270599035162709, 10.253808460408948, 10.237017891410179, 10.220227329047296, 10.203436774474943, 10.186646228978798, 10.169855694138848, 10.153065171730884, 10.13627466383538, 10.119484172872468, 10.102693701736525, 10.085903253810814, 10.069112832835525, 10.052322443491798, 10.035532090999856, 10.018741781594283, 10.001951522548381, 9.9851613222692208, 9.9683711908229835, 9.951581139494845, 9.9347911818021881, 9.9180013334496806, 9.9012116128258434, 9.8844220413132433, 9.8676326438745896, 9.850843449622948, 9.834054492462176, 9.8172658119991727, 9.8004774542840423, 9.7836894728895896, 9.7669019298579993, 9.7501148983574275, 9.7333284619436942, 9.7165427195251581, 9.6997577840231095, 9.6829737863251655, 9.6661908779686811, 9.6494092358359449, 9.6326290610946241, 9.6158505856777499, 9.5990740762623759, 9.5822998357176399, 9.5655282095601848, 9.5487595922283237, 9.5319944241432406, 9.5152332006708367, 9.4984764740106531, 9.4817248575007174, 9.4649790139113641, 9.4482396712583103, 9.4315076071523194, 9.4147836351355672, 9.3980686163745286, 9.3813634078182186, 9.3646688890495167, 9.3479858907079798, 9.3313152035686926, 9.3146575492611952, 9.2980135337969685, 9.2813836346487744, 9.2647681837430902, 9.2481673495258718, 9.2315811251851194, 9.2150093619534861, 9.198451691824836, 9.1819076654908347, 9.1653766571713327, 9.1488579565006081, 9.1323508098562254, 9.1158543778237142, 9.0993677970329685, 9.0828902423910129, 9.0664208282040448, 9.0499588004794695, 9.0335033648312084, 9.0170537940236066, 9.0006094286847009, 8.98416972125119, 8.9677340834537667, 8.9513019343277715, 8.9348729951100925, 8.9184467461863921, 8.9020228889283874, 8.8856010732944011, 8.869181021642353, 8.8527626396878958, 8.8363454784639046, 8.819929554194756, 8.8035147116644534, 8.8106142906756126, 8.783605122748833, 8.7567412453476567, 8.7298779299172029, 8.7030234730713065, 8.6795888251234761, 8.6639025086823658, 8.6483329283341899, 8.6327898816675361, 8.6172575210593596, 8.6017303976099946, 8.5862066484120234, 8.5706840412459222, 8.5551627381171222, 8.5396419175086589, 8.5241214705961887, 8.5086008451315784, 8.493080986451087, 8.4775609189821175, 8.4620412007474712, 8.4465207845065944, 8.431001539836835, 8.4154815150361788, 8.3999619069371683, 8.3844417217615526, 8.3689227240976738, 8.3534024829604974, 8.3378831561297417, 8.3223639040360968, 8.3068436311674478, 8.2913256739118779, 8.2758044103366046, 8.2602862562266459, 8.2447648359661283, 8.2292482253952066, 8.2137256401949923, 8.1982063284509987, 8.1826901760975979, 8.1671673259615165, 8.151650496357572, 8.1361288566335421, 8.1206124479980488, 8.105087961981452, 8.0895744424979235, 8.0740494085979684, 8.058535233389998, 8.0430144290555869, 8.0274945925303918, 8.0119749235463331, 7.9964543753339354, 7.9809316110475876, 7.9654201458997731, 7.9498888675501398, 7.9343854271194525, 7.9188572051448931, 7.9033392287545832, 7.8878097750944764, 7.872290336407719, 7.8567828609504904, 7.8412587152136286, 7.8257455918818577, 7.8102087174295125, 7.7947207924826269, 7.7791625940970182, 7.7636569232469057, 7.7481662021836746, 7.7326349926668669, 7.7171134690592744, 7.7016034791939942, 7.6860323628452294, 7.6705444944197412, 7.6549863558807525, 7.6395294863612424, 7.6239900945051131, 7.6084589561409075, 7.5929375079389656, 7.5774275979946628, 7.5619316597251256, 7.5464529886073342, 7.530810744415926, 7.5153539758378392, 7.4999258614338933, 7.4842836661174363, 7.4688947134861658, 7.453252555873001, 7.4379203404332026, 7.4222782252056154, 7.4066361331197514, 7.3913936239842872, 7.3757515824370863, 7.3601095684586708, 7.3444675837186146, 7.3293887759689902, 7.3137468551181124, 7.2981049691044948, 7.2824631200504566, 7.2668213102022001, 7.2511795418643166, 7.2365005219913643, 7.2208588443788475, 7.2052172162769983, 7.1895756405987834, 7.1739341205891698, 7.1582926595067624, 7.1426512609932216, 7.1270099286888797, 7.1113686665630205, 7.0957274788371691, 7.0800863700206342, 7.0644453448535645, 7.0243280573034896, 7.0086872145824568, 6.9930464712287161, 6.9774058333995868, 6.9617653070378678, 6.946124899058665, 6.9304846164029508, 6.9148444665868372, 6.8992044575634983, 6.8835645972009667, 6.8679248947470128, 6.8522853591304758, 6.8366460008030785, 6.821006828565058, 6.8053678564647972, 6.7897290926660308, 6.7740905506958162, 6.7584522451866764, 6.7428141870808727, 6.7271763926038162, 6.7115388774585227, 6.6959016554776065, 6.6802647472438164, 6.6646281630985742, 6.6489919321210138, 6.6333560690695768, 6.6177205897295055, 6.6020855258932585, 6.5864508911018333, 6.5708167206580885, 6.5551830308762735, 6.5395498475168869, 6.5239172070783109, 6.5082851188175628, 6.4926536548026226, 6.4770228099958196, 6.4613926228188516, 6.445763163425279, 6.4301343991376436, 6.4389828137086926, 6.4188849683786575, 6.3985237424495978, 6.3781611603539368, 6.3577987932573983, 6.3374374472581234, 6.3415535488167505, 6.3134136581481046, 6.2848799474003858, 6.256354994595088, 6.2279913117618193, 6.2015531985108439, 6.1781076336587351, 6.161104376547792, 6.1464028886053752, 6.1317501608297942, 6.1171174757112832, 6.1024948809639961, 6.0878772132118639, 6.0732630977037099, 6.0586511336595992, 6.0440415142350519, 6.0294338084219286, 6.014827048407045, 6.0002227836959809, 5.9856200513497511, 5.971019394799165, 5.956418681161793, 5.9418212440876248, 5.9272260854868533, 5.9361456513593378, 5.9150642999347962, 5.8939540600215778, 5.8728440225926715, 5.8517410568947694, 5.8306381189181202, 5.8095371010386474, 5.7885500829470029, 5.7706020688475714, 5.7562280276774169, 5.741953122526045, 5.7277105861891711, 5.7134835830567354, 5.6992634520059244, 5.6850428855917849, 5.6708334083556746, 5.656611094771046, 5.6424149960458578, 5.6282226553312329, 5.6140297660590912, 5.5998303548941148, 5.5856165717982433, 5.5714260194314447, 5.557264743729287, 5.5430774139306624, 5.5289186425408881, 5.5147131818549759, 5.500529488385129, 5.48637308452418, 5.4721314450229368, 5.4580341750561754, 5.4438323016393309, 5.4296499402463754, 5.4154916816917629, 5.4013642624350213, 5.3872781415583315, 5.3729409385696663, 5.3589157688213129, 5.3445827576915113, 5.3306513529765907, 5.3163224047624391, 5.3025585836333251, 5.2882335630395518, 5.2739104536813306, 5.2595892196326828, 5.2462325288066998, 5.2319149353547658, 5.2175991062432496, 5.2032850036574851, 5.1889725894936216, 5.1746618254327359, 5.16035267301391, 5.1460450937056423, 5.1317390489751062, 5.0929581494587337, 5.0786550586102255, 5.0643533873847755, 5.0500530978805491, 5.0357541524964171, 5.0214565139821286, 5.0071601454849288, 4.9928650105925403, 4.9785710733725503, 4.9642782984082992, 4.9499866508312689, 4.9356960963500933, 4.9214066012763533, 4.9071181325471764, 4.8928306577448533, 4.8785441451135565, 4.8642585635733306, 4.8499738827314935, 4.8356900728915964, 4.8214071050600689, 4.807124950950759, 4.7928435829874232, 4.7785629743044034, 4.7642830987455511, 4.750003930861606, 4.7357254459060858, 4.7214476198299034, 4.7071704292747309, 4.6928938515653309, 4.6786178647008763, 4.6643424473454385, 4.6500675788176657, 4.635793239079832, 4.6215194087262583, 4.6072460689712855, 4.5929732016367684, 4.5787007891392468, 4.5644288144768268, 4.550157261215837, 4.5358861134773205, 4.521615355923422, 4.5073449737436881, 4.4930749526414004, 4.4788052788198716, 4.4645359389688508, 4.4502669202510097, 4.4359982102885489, 4.421729797149994, 4.4074616693371267, 4.3931938157721913, 4.3789262257852677, 4.3646588891019471, 4.3503917958312561, 4.3361249364538876, 4.3218583018107157, 4.307591883091674, 4.2933256718249222, 4.2790596598664301, 4.2647938393898936, 4.2505282028770548, 4.2362627431084228, 4.2219974531544402, 4.2077323263670703, 4.1934673563718672, 4.1792025370605597, 4.1649378625841145, 4.1506733273463867, 4.1364089259983414, 4.1221446534329171, 4.1078805047805647, 4.0936164754054909, 4.0793525609027288, 4.065088757096019, 4.0508250600366527, 4.0365614660033406, 4.0222979715031926, 4.0080345732739371, 3.9937712682875302, 3.9795080537552767, 3.965244927134647, 3.9509818861380017, 3.9367189287434181, 3.9224560532078963, 3.9081932580832373, 3.8939305422348838, 3.8796679048641636, 3.8654053455342763, 3.8511428642006158, 3.8368804612458312, 3.8226181375203989, 3.8083558943892872, 3.7940937337855778, 3.7798316582719123, 3.765569671110808, 3.7513077763449227, 3.7370459788886783, 3.7227842846325898, 3.7085227005620043, 3.6942612348920765, 3.6799998972210499, 3.6657386987041769, 3.6514776522508354, 3.6372167727477644, 3.6229560773115992, 3.6086955855742606, 3.594435320005112, 3.5801753062741919, 3.5659155736611576, 3.5516561555150918, 3.5373970897705416, 3.5231384195256146, 3.508880193688237, 3.4946224676967499, 3.4803653043212535, 3.466108774551806, 3.4518529585792321, 3.4375979468735562, 3.4233438413640078, 3.4090907567208895, 3.3948388217428924, 3.3805881808397307, 3.3663389956057266, 3.3520914464675768, 3.3378457343842616, 3.3236020825672319, 3.3093607381783676, 3.295121973947881, 3.2808860896459935, 3.2666534133151468, 3.2524243021635093, 3.2381991429952799, 3.2239783520468452, 3.2097623740762207, 3.1955516805571822, 3.181346766835091, 3.1671481481086468, 3.1529563541505468, 3.1387719227206561, 3.1245953916976439, 3.1104272900498371, 3.0962681278580879, 3.0821183857159209, 3.0679785039295173, 3.0538488720293144, 3.0397298191460451, 3.0256216058256724, 3.0115244178046909, 2.9974383621851741, 2.9833634662993722, 2.9692996793975106, 2.9720712997516832, 2.947299909304339, 2.9225379759523062, 2.8977875262674435, 2.8742904081821949, 2.8602364409462782, 2.8473177565896242, 2.8344280397424373, 2.8215541811825355, 2.8306791240132454, 2.8114523816539054, 2.7923070563897388, 2.7731687296658811, 2.7540374014847968, 2.7349129151971523, 2.7157964966964876, 2.6968043872127834, 2.6807382865707972, 2.6682566638138527, 2.6559220884851573, 2.6436296396320214, 2.6313595786674973, 2.6191050380615652, 2.6068630697918933, 2.5946323373680431, 2.5824123009299753, 2.5702028685413958, 2.5580042250617834, 2.5458167384668267, 2.533640903380471, 2.5214773037646663, 2.5093265859442262, 2.4971894373700527, 2.485066568628453, 2.472958697339493, 2.4608665332476569, 2.4487907642183617, 2.4367320431215993, 2.4246909757595341, 2.412668110104125, 2.400663927166331, 2.3886788338282474, 2.376713157937612, 2.364767145899942, 2.35284096291163, 2.3409346958688366, 2.3290483588699651, 2.3171819011177663, 2.3053352169236407, 2.293508157436126, 2.2817005436565592, 2.2699121802745874, 2.2581428698497858, 2.246392426883717, 2.2346606913592564, 2.2229475413748347, 2.2112529045509568, 2.1995767679410352, 2.1879191862318836, 2.1762802880609495, 2.1646602803177788, 2.1530594503275036, 2.141478165836403, 2.1299168727469335, 2.1183760905608291, 2.1068564055145171, 2.0953584614216481, 2.0838829482557961, 2.0724305885682446, 2.0610021218809256, 2.0495982872673624, 2.0382198044360869, 2.0268673537142945, 2.0155415554658327, 2.0042429495756853, 1.9929719757549189, 1.9817289554720554, 1.9705140763737423, 1.9593273799992554, 1.9481687534900531, 1.9370379258006469, 1.9259344686935096, 1.9148578024673581, 1.9038072061071887, 1.8927818312671523, 1.8817807192795799, 1.8708028202596731, 1.8598470133361042, 1.8489121270762032, 1.8379969592764036, 1.8271002954654327, 1.8162209255771637, 1.8053576585453976, 1.7945093345793863, 1.7836748351844682, 1.7728530909383002, 1.7620430872769608, 1.7512438683898628, 1.7404545396047948, 1.7296742684118391, 1.7189022843431254, 1.7081378781173508, 1.6973804000169297, 1.68662925782047, 1.6758839143763267, 1.6651438851268037, 1.6544087352778936, 1.6436780772648398, 1.6329515680366307, 1.6222289065617519, 1.611509831536629, 1.6007941191577675, 1.5900815812886202, 1.5793720634806481, 1.5686654437828396, 1.5579616311165354, 1.5472605645118112, 1.5365622120321654, 1.5258665703420751, 1.5151736641460942, 1.5044835460349106, 1.4937962965069451, 1.4831120239444646, 1.472430864942665, 1.4617529848640551, 1.451078578181535, 1.440407869180919, 1.4297411123699773, 1.4190785935718873, 1.4084206304114033, 1.3977675723838672, 1.3871198024239539, 1.3764777361806433, 1.3658418235460028, 1.355212546967105, 1.3445904230755643, 1.3339760013678015, 1.3233698633992119, 1.3127726225273391, 1.3021849224588427, 1.2916074368581414, 1.2810408674577238, 1.2704859432790609, 1.2599434195566226, 1.2494140774984013, 1.2388987236553357, 1.2283981924900795, 1.2179133441492649, 1.207445069171621, 1.1969942922707697, 1.1865619733241599, 1.1761491151280694, 1.1657567698139508, 1.1553860450408306, 1.1450381077244329, 1.1347142007693722, 1.1244156457910917, 1.1141438528595971, 1.1039003302865826, 1.0936866939940755, 1.0835046779986477, 1.0733561372879872, 1.0632430659269301, 1.0531675913435417, 1.0431320006693197, 1.0331387294842898, 1.0231903906609678, 1.013289761618789, 1.0034398119941195, 0.99364370196451079, 0.98390480605402397, 0.97422670124568933, 0.96461321705326863, 0.95506841545001753, 0.94559661733720157, 0.93620242265942588, 0.92689071694936453, 0.91766670186195809, 0.90853587269008595, 0.89950408730601672, 0.89057750770416144, 0.88176267272577524, 0.87306643326972289, 0.86449601775038598, 0.85605897864260361, 0.84776318016521923, 0.83961680222835489, 0.83162826440982551, 0.8238062811075415, 0.81615965340559837, 0.80869737722081325, 0.8014284780697335, 0.79436190977835386, 0.78750650479076112, 0.78087090164556061, 0.77446331958400949, 0.76829148437624928, 0.76236257660728979, 0.75668297068974566, 0.75125817385689786, 0.74609264097331984, 0.74118969252050615, 0.73655140329788438, 0.73217850864241252, 0.72807040126746692, 0.72422495945040632, 0.72063851195312179, 0.71730615287796906, 0.71422150971063658, 0.71137688853507952, 0.70876347020662511, 0.70637136341759366, 0.7041898520785228, 0.70220767836665954, 0.70041271803962024, 0.69879286357344095, 0.6973356951036993, 0.69602896583456175, 0.69486041723910175, 0.69381825116922247, 0.69289101205552495, 0.69206779456849943, 0.6913385750236779, 0.69069336325328379, 0.69012351568522279, 0.68962071608810804, 0.68917721844283886, 0.68878638122260205, 0.68844196433946403, 0.68813822288082738, 0.68787029228279351, 0.68763372673281853, 0.68742444992536655, 0.68723914388258256, 0.68707448201463817, 0.68692795824048947, 0.6867971195795789, 0.68667996659657837, 0.68657462511385903, 0.68647960908026306, 0.68639349658137239, 0.68631519938961982, 0.6862434957394794, 0.68617760184681897, 0.68611685723674176, 0.6860605605462925, 0.6860081035952621, 0.6859588119694886, 0.68591266931947481, 0.6858688379624448, 0.68582741241951817, 0.68578780044081955, 0.68575003230216125, 0.68571373496614119, 0.68567871053631524, 0.71012128085479564, 0.70759989421238734, 0.70496815435065985, 0.70236227650872496, 0.69974029782535763, 0.69711966068627518, 0.69449964942297182, 0.69188022949093775, 0.68926136554492956, 0.68664313013779743, 0.68402518822370495, 0.68140776509390899, 0.67879067871716514, 0.67617403224874972, 0.67355770358632372, 0.67094198758626933, 0.66832896254235796, 0.66573219214476398, 0.66323282785294524, 0.66119650186626266, 0.66018455701297662, 0.65985550733023557, 0.65971456228520742, 0.65963220826857316, 0.65957430722807631, 0.65952892642003624, 0.6594904512400569, 0.65945630103924369, 0.65942509160544283, 0.65939567002002375, 0.65936771440223185, 0.65934072435902857, 0.65931432232826814, 0.65928857351615944, 0.65926310752676487, 0.65923807283145575, 0.65921316130496321, 0.65918856058009834, 0.65916399547145965, 0.65913955605094598, 0.65911522050081417, 0.65909097220942536, 0.65906668369297006, 0.65904257571775771, 0.65901841193390753, 0.65899430169851692, 0.65897024088999101, 0.6589461147739728, 0.65892203404469496, 0.65889799709346619, 0.6588740027881016, 0.65885005037535183, 0.65882603077731094, 0.65880194552913696, 0.65877801111104961, 0.65875401210518103, 0.65873005655616945, 0.6587060389244489, 0.65868217120758443, 0.6586581383712764, 0.6586342557217153, 0.65861031500001832, 0.65858642078756346, 0.65856247097095222, 0.65853856894289653, 0.65851471473290557, 0.65849080781575708, 0.65846694980210041, 0.65844304121882757]
-----------------------------------------------

Learning Rate: 1
Mean: [0.0, 2.4671622769447924e-18, 2.4671622769447924e-18, 2.4671622769447924e-18, 0.0, 0.0, -4.9343245538895848e-18, 0.0, 4.9343245538895848e-18, 4.9343245538895848e-18, 4.9343245538895848e-18, 9.8686491077791696e-18, -2.4671622769447924e-18, 0.0, 2.4671622769447924e-18, 0.0, 0.0, 4.9343245538895848e-18, -1.2335811384723962e-18, -4.9343245538895848e-18, 0.0, 7.4014868308343768e-18, 2.4671622769447924e-18, -2.4671622769447924e-18, -2.4671622769447924e-18, 4.9343245538895848e-18, -4.9343245538895848e-18, 2.4671622769447924e-18, 0.0, 4.9343245538895848e-18, -4.9343245538895848e-18, 0.0, -7.4014868308343768e-18, 4.9343245538895848e-18, 9.8686491077791696e-18, -4.9343245538895848e-18, 3.7007434154171884e-18, 0.0, 2.4671622769447924e-18, 0.0, 3.7007434154171884e-18, 0.0, 0.0, 0.0, 2.4671622769447924e-18, -4.9343245538895848e-18, 0.0, 6.167905692361981e-19, 2.4671622769447924e-18, -2.4671622769447924e-18, 0.0, 0.0, 2.4671622769447924e-18, 0.0, -4.9343245538895848e-18, -7.4014868308343768e-18, 4.9343245538895848e-18, 4.9343245538895848e-18, 4.9343245538895848e-18, 4.9343245538895848e-18, 4.9343245538895848e-18, 1.2335811384723962e-18, 2.4671622769447924e-18]
Std: [1.0, 1.0, 1.0, 1.0, 1.0, 1.0, 1.0, 1.0, 1.0, 1.0, 1.0, 1.0, 1.0, 1.0, 1.0, 1.0, 1.0, 1.0, 1.0, 1.0, 1.0, 1.0, 1.0, 1.0, 1.0, 1.0, 1.0, 1.0, 1.0, 1.0, 1.0, 1.0, 1.0, 1.0, 1.0, 1.0, 1.0, 1.0, 1.0, 1.0, 1.0, 1.0, 1.0, 1.0, 1.0, 1.0, 1.0, 1.0, 1.0, 1.0, 1.0, 1.0, 1.0, 1.0, 1.0, 1.0, 1.0, 1.0, 1.0, 1.0, 1.0, 1.0, 1.0]
Weights: [  -2.95045006  -46.66147844  -66.6937586    27.61957537   41.64601482
  -75.35154565  -92.34695809   61.51873614  -55.79115974  -43.60313824
  -19.65865928   84.64601015  -29.91164963  -36.01458274  -14.12420301
   68.5217642    50.96009922   35.55089268    2.52145785   55.40304729
   14.96063825   38.60840806  -11.23834975   56.27176787   54.43019948
  -50.70460046   32.4301922   -36.60796312  -41.60002719   90.13664258
  -72.00464915   33.63637901  -35.64030324 -101.95200004  -75.73888795
  -30.73362093   84.71942598   96.31463132  -74.20752299    0.51666582
    8.6268525    80.34158562   -4.91229703   59.98621215  -72.21243318
   37.50937902   -2.64146724  -57.66715491   40.30525629   36.32069333
  -94.60886013  -90.41024101   -1.56205418   11.63715144  -86.63218762
   70.6243798    20.38763036   12.63437364   51.39706914   82.97023454
   75.82095263  -37.52825626   63.24169508   35.74480862]
Number of iterations: 696
Error over time: [16.521094517751358, 16.52078178335228, 16.520575349273617, 16.520421640932462, 16.520292253066618, 16.520174198199697, 16.520062665200424, 16.519957989195596, 16.544342646450147, 16.544280910894109, 16.543325999755368, 16.54221045368546, 16.541824095357534, 16.541849406497022, 16.542250733835395, 16.543060458218068, 16.544205716688897, 16.545565786930968, 16.547027072734611, 16.548532183298345, 16.550058882508228, 16.551592529951463, 16.553129855037515, 16.554668509532004, 16.556207534390364, 16.557746850921855, 16.583762569032675, 16.584339268342504, 16.584606065716336, 16.584818392570376, 16.609540342515519, 16.608836049611913, 16.632619851516697, 16.630089522116482, 16.676860137307401, 16.672650894704489, 16.668173750654915, 16.663318302542155, 16.658598540093355, 16.653846819450159, 16.673558698256794, 16.668785673013467, 16.686967402040459, 16.680672880419774, 16.771107157778776, 17.248803881224081, 30.953685945991737, 30.456840554052185, 29.604998787196752, 28.896604721478482, 28.145821753663945, 27.43878748787542, 26.730400117637632, 25.970931270955131, 25.211408317947967, 24.476273829043162, 23.740019432479635, 22.9780869365947, 22.289657680500504, 21.549352141320178, 20.781624439464821, 20.014762564439952, 19.24777636368546, 18.481236262038788, 17.739792832632201, 16.974878046485603, 16.209777390636869, 15.445961040883516, 14.68352243474137, 13.921817731678903, 13.185450007645581, 12.424706235643461, 11.664954833300252, 10.906677344750907, 10.149851051980141, 9.3944662232418192, 8.640353479215058, 7.8872514632522428, 7.1351190200630477, 6.3845359265444159, 5.6617416855285612, 4.9210432126403365, 4.1970788831252692, 3.5102405302971484, 2.8981559477745753, 2.4097508788471105, 2.0984889463520977, 1.8954945586855372, 1.7778584682575409, 1.7335291913844288, 1.6913687189309154, 1.6642402861349221, 1.6460132012170732, 1.6333070172755217, 1.6243582176871065, 1.617595159103554, 1.6115254725947128, 1.6075923437354211, 1.6046401261057226, 1.6021697300196511, 1.6001698029384677, 1.5986388179073729, 1.5972630735026798, 1.5961027827347354, 1.595207241892618, 1.5937806818783025, 1.5931149096291342, 1.5924411536895824, 1.5918386248110621, 1.5913738310261727, 1.5908735101023828, 1.5904883502130456, 1.5900578247019475, 1.5897269229908297, 1.5889458017148481, 1.5886526710347963, 1.5883061478909264, 1.5880395719508971, 1.5877833278756319, 1.5874713061945152, 1.587231384310172, 1.5869361924297989, 1.5867082713432341, 1.5864260243846047, 1.5858971075462418, 1.5856250028144867, 1.5854127500340311, 1.5851487284367545, 1.5849416117967867, 1.5846841413530337, 1.5844809703061433, 1.584228929675866, 1.583775620620226, 1.5835280619293486, 1.5833303861790717, 1.5830866366014287, 1.5828908662879773, 1.5826503645415264, 1.5824561087454605, 1.5822184234225338, 1.5817685458530961, 1.5815760334165836, 1.5813425261673653, 1.5811508978239923, 1.580919374778645, 1.5806893345103596, 1.5803132534366813, 1.5800848622923218, 1.5798947707725821, 1.5796678674067637, 1.5794421320012568, 1.5792526525371364, 1.5788645963569283, 1.5786411412142538, 1.5784521234979683, 1.578229759458446, 1.5780082991924524, 1.5776413619317737, 1.5774527796674533, 1.5772330759778517, 1.577014135519333, 1.5766635514507275, 1.5764752763733918, 1.5762578232159763, 1.5760410267774767, 1.5758248628042169, 1.5754884531570825, 1.5752734708975564, 1.575085498147363, 1.5747599364678415, 1.5745460756957914, 1.5743327246620955, 1.5741198618557408, 1.5738045435015184, 1.5735926071898756, 1.5733811081396789, 1.5730742088875354, 1.5728635403175273, 1.5726532663680906, 1.5723537371223735, 1.5721442139984418, 1.5719350471236915, 1.5716420263592059, 1.5714129643833348, 1.5712051051749305, 1.5709181661808411, 1.5707109117217535, 1.5704288541984124, 1.5702221711922633, 1.5699971196923679, 1.5697199836218589, 1.5695143417265411, 1.5692234893264152, 1.5690185569762232, 1.5687492427095806, 1.568527927676765, 1.5682621287603868, 1.5680420322486013, 1.5677794610047699, 1.5675761947180629, 1.567300903110586, 1.5670981848696197, 1.5668261566432746, 1.5666092546925945, 1.5663549546185667, 1.5660884771999324, 1.5658730993527126, 1.5656232332574835, 1.5654087013759959, 1.5651476180428781, 1.5649016343515449, 1.5646884058105628, 1.5644315684943804, 1.5641765574783115, 1.5639232755596697, 1.563711893700469, 1.5634606745084554, 1.5632109986464271, 1.5629627908391495, 1.562753020495361, 1.5625065824012305, 1.5622614664828405, 1.5620176132388195, 1.561774967173869, 1.5615231501781597, 1.5612829179952428, 1.5610437432331528, 1.5608269805336887, 1.5605892474456498, 1.5603429979209684, 1.5601072839393728, 1.559834653728907, 1.5596013838297922, 1.5593600393702152, 1.5591284541182642, 1.5588890126945609, 1.5586505523041749, 1.55841303780068, 1.5581599989791115, 1.5579245643300679, 1.5576899706033158, 1.5574561898698898, 1.5572006113778749, 1.55696873942528, 1.556730224933903, 1.5564786924108045, 1.5562493618297968, 1.5560004038370487, 1.5557657506290778, 1.5555192693437996, 1.5552864034875502, 1.5550422104957082, 1.5547928492551049, 1.5545689328415184, 1.5543218033127855, 1.5540759996006202, 1.5538314643186149, 1.5535881437966674, 1.5533618609809285, 1.5531204676448005, 1.5528801629446469, 1.5526409044143985, 1.5524026518989422, 1.5521457704160153, 1.5519097865534082, 1.5516695153822897, 1.551435347379152, 1.5511969972241813, 1.5509517174975984, 1.5507153894127375, 1.5504677080168228, 1.5502333290275536, 1.5499880471912983, 1.549755471451016, 1.5495124087968906, 1.5492661528323397, 1.5490254712464846, 1.5487921279318513, 1.5485534026623116, 1.5483115951374053, 1.5480708882025507, 1.5671841465723495, 1.5556428381040168, 1.5441094769653139, 1.5325775477256338, 1.5221284257521006, 1.521010295623783, 1.5206624542769429, 1.5203385761010417, 1.5200165807265538, 1.5196999099127735, 1.5193939321783581, 1.5190942283713873, 1.5187968428398118, 1.5185072986878427, 1.5182218456453378, 1.5179305082899419, 1.5176520230191144, 1.5173735480931214, 1.517094323146863, 1.5168208912117855, 1.5165437611073742, 1.5162688271244722, 1.5159984527830861, 1.5157273410175098, 1.5154579461745525, 1.515187732657042, 1.5149214604059458, 1.5146565779064867, 1.5143858790682156, 1.5141167003275775, 1.5138557720374697, 1.5135892408293432, 1.5133240008471105, 1.5130578875220244, 1.5127908599359501, 1.5125272174129409, 1.5122626619865251, 1.5119973258053059, 1.5117331813153556, 1.5114682800614883, 1.5112063960798152, 1.5109401200363264, 1.5106785816734216, 1.5104146089693622, 1.5101517558104411, 1.5098899764831462, 1.5096243153548434, 1.5093629918195619, 1.5090995807918177, 1.5088372623156112, 1.5085744157169432, 1.5083097383820028, 1.5080462038184264, 1.5077837660103699, 1.5075223818167836, 1.50726055865063, 1.5069971679942546, 1.5067334655954416, 1.5064722384561846, 1.5062082397917396, 1.5059477266495136, 1.5056858675383158, 1.5054214826947661, 1.5051604494300757, 1.504898240692043, 1.5046358521864449, 1.5043724359085433, 1.5041101184652204, 1.5038488573831965, 1.5035874616504796, 1.5033251775800769, 1.5030609773842574, 1.5028008255859164, 1.5025377154016937, 1.5022767503751273, 1.502014048906813, 1.501752426488502, 1.5014892030478424, 1.5012286769682612, 1.5009660198129193, 1.5007034921489897, 1.5004420427927023, 1.500180703368263, 1.4999189629019403, 1.499656875268639, 1.4993949774384139, 1.4991328022247157, 1.4988708518752059, 1.4986099681511378, 1.498348858059374, 1.4980867513408251, 1.4978249280780105, 1.4975641740908847, 1.4973021531204815, 1.4970404619459048, 1.4967798458553976, 1.4965184539896557, 1.4962563540681737, 1.495995351935812, 1.4957344010753775, 1.4954728390338434, 1.4952116879162387, 1.4949506660176624, 1.4946891399794986, 1.494428709905365, 1.494167819712638, 1.4939071438792531, 1.4936460860825354, 1.4933855189369625, 1.4931244108589576, 1.4928638258298434, 1.4926029799944047, 1.4923432356348836, 1.4920825175725074, 1.4918216365754855, 1.4915618745142012, 1.4913012774209409, 1.4910412804053952, 1.4907805439592114, 1.4905209434084008, 1.4902606754266228, 1.4900010520267108, 1.4897413230168484, 1.4894811824919689, 1.4892216049356741, 1.4889621346322321, 1.4887032422312356, 1.4884440448518137, 1.4881844860886073, 1.4879255677395398, 1.4876668668942679, 1.4874079880785285, 1.4871492923629146, 1.486890884936237, 1.4866323133383423, 1.4863740785202004, 1.4861157462694179, 1.4858577947135521, 1.4856002347131254, 1.4853426583414622, 1.4850851027769258, 1.4848280039254789, 1.4845706340423925, 1.4843137200492496, 1.4840566110604159, 1.4838003752272118, 1.4835439986423584, 1.4832878422305398, 1.4830319328973376, 1.4827759899378055, 1.4825203544708041, 1.4822650498376924, 1.4820100983436089, 1.481755234638835, 1.4815004744587761, 1.4812464453693468, 1.4809922976036272, 1.4807383494111066, 1.4804851864657906, 1.4802317477403193, 1.4799788571836157, 1.4797262884634463, 1.4794738142211159, 1.4792217177719804, 1.478970028335115, 1.4787187662049259, 1.4784677246425639, 1.47821716559788, 1.4779668848986161, 1.4777169181924901, 1.477467294560203, 1.4772180487398996, 1.4769691978715354, 1.4767207806806824, 1.476472816314685, 1.4762251389487502, 1.4759777730365951, 1.4757309528956351, 1.4754845111884907, 1.4752386514200069, 1.4749930512528557, 1.4747480808999702, 1.4745032529310964, 1.4742591180545652, 1.4740155026330122, 1.4737721384762039, 1.4735291968089961, 1.4732868667244832, 1.4730450224351532, 1.4728035308341192, 1.4725625776261249, 1.4723223171306918, 1.4720823498221014, 1.4718428373839829, 1.4716038240537188, 1.4713652915534501, 1.4711273225960064, 1.4708897573664357, 1.4706527773852553, 1.4704162658391919, 1.4701801132414214, 1.4699446042155511, 1.4697096237842047, 1.4694750866577877, 1.4692410149135651, 1.4690074058842404, 1.4687743240223685, 1.4685417403187371, 1.4683094869825914, 1.4680779050132455, 1.4678466916060173, 1.4676159547135474, 1.4673856492736996, 1.4671559583157183, 1.4669265207005411, 1.4666976456176253, 1.4664691652862176, 1.4662411966753257, 1.4660135571173318, 1.4657863621645824, 1.4655597194628851, 1.4653333831737021, 1.465107464369632, 1.4648819771369679, 1.464656934189696, 1.4644321976831722, 1.4642079327074884, 1.4639839442727263, 1.4637603931890688, 1.4635372089191665, 1.4633143483545066, 1.4630918271329694, 1.4628697364752239, 1.4626480099287933, 1.4624264819448434, 1.4622053476486669, 1.4619845898490942, 1.4617640075249263, 1.4615438773132483, 1.4613239758478813, 1.4611043208624137, 1.4608850391204606, 1.4606660312996576, 1.4604472269660855, 1.460228727182874, 1.4600105032112343, 1.4597924678769343, 1.4595747588027044, 1.4593572687019658, 1.4591400339436715, 1.4589230113229741, 1.4587062370128157, 1.4584896697818834, 1.4582733251494795, 1.458057164168481, 1.4578412428398364, 1.4576255234228894, 1.4574099704687804, 1.4571945703468638, 1.4569794193348284, 1.4567644230509289, 1.4565496177426742, 1.4563349811123043, 1.4561205388253873, 1.4559062156492237, 1.4556920300461842, 1.4554780429769745, 1.4552642186217939, 1.4550504886179774, 1.4548369553777565, 1.4546235277335715, 1.45441024158833, 1.4541971137460084, 1.453984077340414, 1.4537712113703363, 1.453558434556752, 1.4533457990151148, 1.4531332686678797, 1.4529208777150329, 1.4527085689905572, 1.4524963619668974, 1.452284290686255, 1.4520723047401347, 1.4518604384271407, 1.4516486746824155, 1.4514370167058968, 1.4512254329726022, 1.4510139592769797, 1.4508025817608576, 1.4505912736697835, 1.4503800841636501, 1.4501689579348203, 1.4499579285543667, 1.4497469869566602, 1.4495361378268223, 1.4493253593525406, 1.4491146712848155, 1.4489040664279742, 1.4486935255903979, 1.4484830817894241, 1.4482726795813767, 1.4480624010484542, 1.4478521447214301, 1.4476420153684249, 1.4474319379650487, 1.4472219345533985, 1.4470120249793408, 1.4468021525608901, 1.4465923725522143, 1.4463826611050696, 1.4461730302954847, 1.4459634696242865, 1.4457539696220516, 1.4455445528847986, 1.4453352213419581, 1.4451259384891524, 1.4449167258875875, 1.4447075978028023, 1.4444985475338166, 1.4442895532641447, 1.4440806543764653, 1.4438718122962966, 1.4436630509669162, 1.4434543592489386, 1.4432457439910495, 1.4430372190502618, 1.4428287517045701, 1.4426203664663864, 1.4424120776101916, 1.442203842470452, 1.4419957049869403, 1.441787639883793, 1.4415796482789713, 1.4413717546027121, 1.4411639480864458, 1.4409562275944605, 1.4407485872199299, 1.4405410407858354, 1.4403335805870143, 1.4401262051310761, 1.4399189341957719, 1.4397117489132336, 1.4395046743286517, 1.4392976835489237, 1.4390908020575808, 1.4388840141638457, 1.4386773290351262, 1.4384707515192316, 1.4382642909960031, 1.4380579346363218, 1.4378516778461297, 1.4376455530947587, 1.4374395308501491, 1.4372336370046606, 1.4370278545699089, 1.4368222056686775, 1.4366166748639602, 1.4364112809909668, 1.4362060074389373, 1.4360008668784592, 1.435795875601696, 1.4355910062064852, 1.4353862909589929, 1.4351817135525573, 1.4349772850473379, 1.434773011133825, 1.4345688919731796, 1.4343649173528188, 1.4341611135221204, 1.4339574658301926, 1.4337539846933056, 1.4335506779487555, 1.4333475384083287, 1.4331445773703815, 1.4329417889395302, 1.43273918757879, 1.4325367707570305, 1.4323345414510218, 1.4321325055775314, 1.4319306690163991, 1.4317290315794673, 1.4315275913118459, 1.4313263642902567, 1.4311253389106109, 1.4309245337119667, 1.4307239444903888, 1.4305235739760775, 1.43032342535065, 1.4301235080521817, 1.4299238217511305, 1.4297243689977144, 1.4295251527915067, 1.4293261781633213, 1.4291274472356725, 1.4289289657011539, 1.4287307379102332, 1.4285327670288275, 1.4283350501238987, 1.4281375942212464, 1.4279404085031526, 1.4277434850326298, 1.427546833733448, 1.4273504584845824, 1.4271543555773485, 1.4269585374905003, 1.4267629999866513, 1.4265677458860839, 1.4263727837753455, 1.4261781064919892, 1.4259837262077975, 1.425789641502629, 1.4255958496363526, 1.4254023631655957, 1.4252091757256544, 1.4250162896043697]
-----------------------------------------------

Learning Rate: 1
Mean: [0.0, 2.4671622769447924e-18, 2.4671622769447924e-18, 2.4671622769447924e-18, 0.0, 0.0, 4.9343245538895848e-18, 0.0, -7.4014868308343768e-18, -4.9343245538895848e-18, 0.0, 4.9343245538895848e-18, -2.4671622769447924e-18, 0.0, -2.4671622769447924e-18, 0.0, 0.0, -9.8686491077791696e-18, -1.2335811384723962e-18, -2.4671622769447924e-18, 0.0, -2.4671622769447924e-18, 2.4671622769447924e-18, -2.4671622769447924e-18, -2.4671622769447924e-18, 0.0, 2.4671622769447924e-18, 2.4671622769447924e-18, 0.0, -9.8686491077791696e-18, 7.4014868308343768e-18, 0.0, 0.0, -4.9343245538895848e-18, 4.9343245538895848e-18, 4.9343245538895848e-18, -1.2335811384723962e-18, 0.0, 2.4671622769447924e-18, 0.0, -3.7007434154171884e-18, 0.0, 0.0, 0.0, 2.4671622769447924e-18, 9.8686491077791696e-18, 0.0, -3.0839528461809905e-19, 2.4671622769447924e-18, -2.4671622769447924e-18, 0.0, 0.0, 2.4671622769447924e-18, 0.0, 7.4014868308343768e-18, -2.4671622769447924e-18, 4.9343245538895848e-18, -1.9737298215558339e-17, -4.9343245538895848e-18, -2.4671622769447924e-18, -3.7007434154171884e-18, 1.2335811384723962e-18, 2.4671622769447924e-18]
Std: [1.0, 1.0, 1.0, 1.0, 1.0, 1.0, 1.0, 1.0, 1.0, 1.0, 1.0, 1.0, 1.0, 1.0, 1.0, 1.0, 1.0, 1.0, 1.0, 1.0, 1.0, 1.0, 1.0, 1.0, 1.0, 1.0, 1.0, 1.0, 1.0, 1.0, 1.0, 1.0, 1.0, 1.0, 1.0, 1.0, 1.0, 1.0, 1.0, 1.0, 1.0, 1.0, 1.0, 1.0, 1.0, 1.0, 1.0, 1.0, 1.0, 1.0, 1.0, 1.0, 1.0, 1.0, 1.0, 1.0, 1.0, 1.0, 1.0, 1.0, 1.0, 1.0, 1.0]
Weights: [  9.68531315e-02  -2.94722041e+01  -2.59851907e+00   7.15902020e+01
  -1.85486745e+01   2.45534801e+00   8.24830866e+01  -2.23357204e+01
   1.00564179e+02  -6.17592514e+01  -4.19954547e+01  -1.44547390e+01
   8.24020683e+01   1.48936617e+01   2.00602015e+00  -2.57773060e+01
  -1.78179999e+01   4.26858704e+01   6.75472722e+01   8.67720512e+01
   3.62383483e+01  -4.38739360e+00  -6.96619091e+01   4.86183869e+01
   5.10370115e+01   2.75901506e+01  -9.95832594e+00   5.79330628e+01
  -1.08041891e+02  -3.20521520e+01  -1.50996925e+01   6.67556226e+01
  -1.99580847e+01  -2.35393125e+01   2.92020543e+01  -6.45208995e+00
  -2.13303464e+01   5.80961402e+01   8.92764214e+01   5.64180753e+01
   5.42764343e+01   8.05701303e+01   4.47759318e+01   3.07775293e-01
   3.86862838e+01  -7.86566174e+01   5.49605425e+00  -1.98536581e+01
   5.39245498e+01   1.00144428e+01   6.43945760e+00   1.05992612e+01
  -4.56592880e+01   3.50939944e+00  -3.85180198e+01   1.85318942e+01
   8.74458862e+01   8.19740161e+01  -1.90677561e+01   1.70965620e+01
  -7.37282435e+01  -5.82309285e+01   1.63449705e+01  -1.47410296e+01]
Number of iterations: 540
Error over time: [6.5996444775625003, 6.5858917193360087, 6.5721398636135531, 6.5583887645706707, 6.5446382995416217, 6.5308883654632686, 6.5171388758280013, 6.5033897580842934, 6.48964095142723, 6.4758924049260891, 6.4621440759414792, 6.4483959287899664, 6.4346479336194804, 6.4209000654634254, 6.4071523034461713, 6.3934046301162208, 6.3796570308870919, 6.3659094935687612, 6.3521620079752541, 6.338414565596155, 6.3246671593217192, 6.3109197832129604, 6.297172432309357, 6.2834251024680876, 6.2696777902296592, 6.2559304927055974, 6.2421832074846133, 6.228435932554202, 6.2146886662351601, 6.2009414071268898, 6.1871941540617259, 6.1734469060668244, 6.1596996623323248, 6.1459524221847941, 6.1322051850651222, 6.1184579505100443, 6.1047107181367606, 6.0909634876301793, 6.0772162587322516, 6.0634690312331818, 6.0497218049641459, 6.0359745797912892, 6.0222273556106405, 6.0084801323443102, 5.994732909937154, 5.9809856883538917, 5.9672384675775572, 5.9534912476076283, 5.9397440284588043, 5.9259968101602958, 5.9122495927559005, 5.8985023763027007, 5.8847551608726896, 5.8710079465516438, 5.8572607334408042, 5.843513521657635, 5.8297663113369511, 5.8160191026304648, 5.8022718957123001, 5.7885246907777894, 5.774777488045749, 5.7610302877621562, 5.7472830902042125, 5.7335358956782985, 5.7197887045327231, 5.7060415171482521, 5.6922943339623808, 5.6785471554493716, 5.6647999821461372, 5.651052814650134, 5.6373056536429376, 5.6235584998457488, 5.609811354109719, 5.5960642173487871, 5.5823170906115607, 5.5685699750170068, 5.5548228718937454, 5.5410757826492025, 5.5273287088878185, 5.5135816523951879, 5.4998346151555921, 5.4860875993682283, 5.4723406075742398, 5.458593642455515, 5.4448467070452171, 5.4310998048929253, 5.4173529397474205, 5.4036061158011259, 5.3898593379437107, 5.3761126114347357, 5.362365942064752, 5.3486193363926962, 5.3348728017817111, 5.3211263466680334, 5.3073799798448853, 5.2936337114586545, 5.2798875523648041, 5.2661415158696618, 5.2523956156651099, 5.2386498681994471, 5.2249042886620893, 5.2111588980828261, 5.1974137176843174, 5.1836687717350829, 5.169924085624154, 5.1561796888709281, 5.1424356156270221, 5.1286919056220874, 5.1149485901530536, 5.1012057204597649, 5.0874633452370093, 5.073721522137344, 5.0599803052558938, 5.0462397820802813, 5.0324999914246007, 5.0187610440381558, 5.0050230420777284, 4.9912860638336403, 4.9775501896825478, 4.9638156168266141, 4.9500824128473466, 4.9363507484118276, 4.9226208269627323, 4.9088927482979186, 4.895166717392387, 4.8814430095818526, 4.8677217556408703, 4.8540032673877569, 4.840287824022389, 4.826575442110105, 4.8128667700316408, 4.7991618575387562, 4.7854612600645661, 4.7717651260408438, 4.7580742284236885, 4.744387886767977, 4.7307084968477282, 4.717033353724382, 4.7033658141579133, 4.6897044747298233, 4.6760521547498239, 4.6624043248446716, 4.6487680116802448, 4.6351352581271064, 4.6215164224603225, 4.6079046742887888, 4.5942996047003204, 4.5807028424775194, 4.5671197446958178, 4.5535426536854837, 4.5399818894222257, 4.5264311003397033, 4.5128792853562141, 4.4993486207680808, 4.4858122808675027, 4.4723065592186169, 4.4588005878586259, 4.4453171929891857, 4.4318048410685611, 4.4183445559912693, 4.4048848453378513, 4.391407866825972, 4.3779851336490792, 4.3645172318379668, 4.3510989594743297, 4.3377480137072375, 4.3242833756371706, 4.3108582924552277, 4.2974834023147794, 4.2841764204567516, 4.270970416980564, 4.257376304819231, 4.244356865887208, 4.2307858471092947, 4.2172263878164147, 4.2046411346435946, 4.191104565929578, 4.1775792161953635, 4.1640648584331466, 4.1505612104376945, 4.1370679385256199, 4.0991083119111211, 4.0856346127855225, 4.0721700382861368, 4.0587141118902847, 4.0452663404259503, 4.0318262217495757, 4.0183932519271988, 4.004966931717715, 3.9915467722248814, 3.9781322996482711, 3.9647230591181524, 3.9513186176438517, 3.9379185662378924, 3.9245225213004731, 3.9111301253612019, 3.8977410472797516, 3.8843549820054619, 3.8709716499902309, 3.8575907963404026, 3.8442121897832719, 3.8308356215132262, 3.8174609039720098, 3.8040878696079425, 3.7907163696499078, 3.7773462729243401, 3.7639774647366506, 3.7506098458330563, 3.7372433314542448, 3.7238778504885528, 3.7105133447294985, 3.6971497682402359, 3.683787086825665, 3.6704252776116766, 3.6570643287298048, 3.6437042391047316, 3.6303450183412429, 3.6169866867063898, 3.6036292752017323, 3.5902728257194547, 3.5769173912748089, 3.5635630363057582, 3.550209837028699, 3.536857881836871, 3.5235072717241902, 3.5101581207172039, 3.4968105562886311, 3.4834647197275124, 3.4701207664334137, 3.4567788660990013, 3.4434392027413474, 3.4301019745391446, 3.4167673934314919, 3.4034356844325639, 3.3901070846225014, 3.400295488253497, 3.3763960294259392, 3.3525824255113159, 3.3287730337012511, 3.304977010801931, 3.2847513435199014, 3.2721687647054036, 3.2596923131930446, 3.2472446020503103, 3.234811586521007, 3.2223883700858038, 3.2099728452371101, 3.1975640213513183, 3.1851614193309357, 3.1727648092331804, 3.1603740837608121, 3.1479891935021329, 3.1356101129205314, 3.1232368225975944, 3.1108693004215255, 3.0985075178340593, 3.0861514389918319, 3.073801021627045, 3.0614562188982095, 3.0491169818026953, 3.0367832618915678, 3.0244550141185074, 3.0121321997159685, 2.9998147890284734, 2.9875027642568797, 2.9751961220840002, 2.9628948761618501, 2.9505990594484794, 2.9383087263842067, 2.9260239548986795, 2.9137448482391735, 2.901471536605003, 2.8892041785723528, 2.8769429622850473, 2.8646881063822538, 2.8524398606283619, 2.8401985062054336, 2.8279643556234451, 2.8157377522021911, 2.8035190690773337, 2.7913087076899927, 2.7791070957205819, 2.7669146844439458, 2.7547319454940293, 2.7425593670464341, 2.7303974494509706, 2.7182467003678403, 2.7061076294880522, 2.6939807429457643, 2.6818665375471009, 2.6697654949590448, 2.6576780760131737, 2.6456047152893203, 2.6335458161130396, 2.6215017461381089, 2.6094728336199329, 2.5974593644828388, 2.5854615802823395, 2.5734796771161919, 2.5615138055100202, 2.5495640713326431, 2.5376305377101844, 2.5257132279823686, 2.513812129630185, 2.5019271991634318, 2.5070185437493087, 2.4848140295264187, 2.4626255774162371, 2.4404538900851578, 2.4188062852581922, 2.4056375918099659, 2.3946785781509097, 2.3837400899375947, 2.3728190984299045, 2.3619141228386331, 2.3510244118907178, 2.3401496097696426, 2.3292895982555342, 2.3184444135191891, 2.3076141979815943, 2.2967991696312793, 2.2859996002300726, 2.2752157978402368, 2.264448091527087, 2.2536968169433198, 2.2429623024141088, 2.2322448554432359, 2.221544749980283, 2.2108622150011925, 2.2001974246685645, 2.1895504905358889, 2.1789214564319299, 2.1683102958809792, 2.1577169121468116, 2.147141140879171, 2.136582754665989, 2.1260414695244481, 2.1155169520462951, 2.1050088278292032, 2.0945166889480911, 2.084040102133986, 2.0735786158714715, 2.0631317663121433, 2.0526990828912579, 2.042280092817216, 2.0318743249813975, 2.0214813123934627, 2.0111005953974987, 2.0007317234162927, 1.9903742570088614, 1.9800277700085085, 1.9696918509198669, 1.9593661050258067, 1.9490501568490741, 1.9387436509353264, 1.9284462553124944, 1.9181576633180828, 1.9078775954558158, 1.8976058017463324, 1.8873420638458696, 1.8770861966140073, 1.8668380521499601, 1.8565975180676997, 1.8463645220463363, 1.8361390319728268, 1.825921057216547, 1.8157106503119629, 1.8055079066474835, 1.7953129649866764, 1.7851260091209946, 1.7749472657608651, 1.7647770048616931, 1.7546155392071774, 1.7444632204273651, 1.7343204402056576, 1.7241876253881168, 1.7140652366914717, 1.7039537609527684, 1.6938537133102121, 1.6837656255233371, 1.6736900434082076, 1.663627521008632, 1.6535786168470825, 1.6435438767370478, 1.6335238414879254, 1.6235190294620876, 1.6135299355783204, 1.6035570226702873, 1.5936007206475338, 1.5836614125442083, 1.5737394494714518, 1.5638351266684662, 1.5539487133587497, 1.5440804130456205, 1.534230401689868, 1.524398824190188, 1.5145857877392261, 1.5047913819941565, 1.4950156711392384, 1.4852587281649714, 1.4755206080320904, 1.4658013919085326, 1.4561011812575515, 1.4464200886736986, 1.4367582796257012, 1.4271159603773877, 1.4174933903723597, 1.4078909040575736, 1.3983088743357759, 1.3887477465210989, 1.3792080779032478, 1.3696904647974055, 1.3601956032568381, 1.3507242661325785, 1.3412773507810636, 1.3318557701629556, 1.3224606096556859, 1.3130929542116436, 1.3037540943817156, 1.2944453110664353, 1.285168013585418, 1.2759237669438521, 1.2667141498383161, 1.2575408018825558, 1.2484056988596983, 1.2393105931285027, 1.2302577021994254, 1.2212489652422314, 1.2122868531411111, 1.2033735723918959, 1.1945119057789368, 1.1857043183761702, 1.1769536735560961, 1.168263018459561, 1.1596353730611768, 1.1510741765219556, 1.1425831487478371, 1.1341657178822322, 1.1258262621872952, 1.1175683881688754, 1.1093971614833085, 1.1013169407255667, 1.0933327273643658, 1.0854497869550754, 1.0776731694863477, 1.0700093526856824, 1.0624639762294181, 1.055043207599907, 1.0477538348047324, 1.0406018547776463, 1.0335943555115779, 1.0267380415453196, 1.02004054853857, 1.0135081399127595, 1.0071466359559251, 1.0009637209340336, 0.99496608553234522, 0.98915997865780636, 0.98354985103896431, 0.97814077378501341, 0.97293906073886027, 0.96794855419174397, 0.96317113452968706, 0.95861135777554207, 0.9542688718366843, 0.95014437685059872, 0.94624073483947613, 0.94255322183057788, 0.93908151133385087, 0.93582394759086995, 0.93277175483215469, 0.92992637565729908, 0.92727623823201721, 0.92481925383180419, 0.92254371145154346, 0.92044577227362501, 0.91851341588163538, 0.91674132753217152, 0.91511896477658072, 0.91363523208959541, 0.91228264409488535, 0.91105519480453856, 0.9099371798105973, 0.90892677780040532, 0.90800625540418989, 0.90717592378589007, 0.90642896174988485, 0.9057514128384474, 0.9051382660109476, 0.90458161829429184, 0.90408391994862625, 0.90362760127856367, 0.90322058447521658, 0.90284815779409044, 0.902505922749537, 0.90220128445411785, 0.90191939819784439, 0.90165814196498961, 0.90142393961933576, 0.90120391252180354, 0.90100259852971853, 0.90081587680012409, 0.90063935792883698, 0.9004788132298891, 0.9003244658329751, 0.90018079482897195, 0.9000447242771914, 0.89991726491999935, 0.89979563984271715, 0.89967630012790423, 0.89956706573930789, 0.89945794742134089, 0.89935784138242925, 0.89925691982378586, 0.8991594925496964, 0.89906521597599087, 0.89897461459832961, 0.89888575273201121, 0.89880003480809922, 0.89871642643483873, 0.8986339756658217, 0.89855407241025065, 0.89847125878951495, 0.8983944853408784, 0.89831531840274659, 0.89824120803908347, 0.89816828963323359, 0.89809272614164515, 0.89801756044687653, 0.89794778893108196, 0.8978752121321143, 0.89780723292116704, 0.89773636754160757, 0.89766570316366234, 0.89760067673603949, 0.89753151010324517, 0.89746306308534329, 0.89739585942382327, 0.89732875771527199, 0.89726644955906731]
-----------------------------------------------

Learning Rate: 1
Mean: [0.0, 2.4671622769447924e-18, 2.4671622769447924e-18, 2.4671622769447924e-18, 0.0, 0.0, -4.9343245538895848e-18, 0.0, 4.9343245538895848e-18, 4.9343245538895848e-18, 0.0, -4.9343245538895848e-18, -2.4671622769447924e-18, 0.0, 2.4671622769447924e-18, 0.0, 0.0, 4.9343245538895848e-18, -1.2335811384723962e-18, 1.4802973661668754e-17, 0.0, -2.4671622769447924e-18, 2.4671622769447924e-18, -2.4671622769447924e-18, -2.4671622769447924e-18, 0.0, 2.4671622769447924e-18, 2.4671622769447924e-18, 0.0, 4.9343245538895848e-18, -4.9343245538895848e-18, 0.0, 0.0, 4.9343245538895848e-18, -9.8686491077791696e-18, -4.9343245538895848e-18, -1.2335811384723962e-18, 0.0, 2.4671622769447924e-18, 0.0, 3.7007434154171884e-18, 0.0, 0.0, 0.0, 2.4671622769447924e-18, -4.9343245538895848e-18, 0.0, 6.167905692361981e-19, 2.4671622769447924e-18, -2.4671622769447924e-18, 0.0, 0.0, 2.4671622769447924e-18, 0.0, -4.9343245538895848e-18, -2.4671622769447924e-18, -4.9343245538895848e-18, 9.8686491077791696e-18, 4.9343245538895848e-18, -2.4671622769447924e-18, 4.9343245538895848e-18, 1.2335811384723962e-18, 2.4671622769447924e-18]
Std: [1.0, 1.0, 1.0, 1.0, 1.0, 1.0, 1.0, 1.0, 1.0, 1.0, 1.0, 1.0, 1.0, 1.0, 1.0, 1.0, 1.0, 1.0, 1.0, 1.0, 1.0, 1.0, 1.0, 1.0, 1.0, 1.0, 1.0, 1.0, 1.0, 1.0, 1.0, 1.0, 1.0, 1.0, 1.0, 1.0, 1.0, 1.0, 1.0, 1.0, 1.0, 1.0, 1.0, 1.0, 1.0, 1.0, 1.0, 1.0, 1.0, 1.0, 1.0, 1.0, 1.0, 1.0, 1.0, 1.0, 1.0, 1.0, 1.0, 1.0, 1.0, 1.0, 1.0]
Weights: [ 25.32846824  91.43716071  98.39961607  63.10814354  -9.4420419
  51.55898472  -9.4326913  -99.36837152 -62.062261     6.93046853
  25.17476593  52.61440756  47.55222787   3.3771613  -43.98991852
  -6.54458725  58.11265431  47.81435005  -5.95635149 -31.58188543
  89.66207286 -95.19395125 -59.99901173  76.59442586 -61.31911933
 -63.42532934  40.67600276  66.65273873   0.65852835 -14.84834641
 -65.89904921  39.57383536  45.72831628  11.61453294  24.07753893
  36.76018397 -42.78292158 -47.72003175 -46.82970965 -75.68021022
 -89.35660301  41.46533374  68.57891882  95.14783156 -49.18203956
 -31.29380096  57.20518519  96.66741891  14.71048989  87.91611158
 -27.77238514 -67.0939264   42.87588958  -2.39707903  89.36909268
  92.67640372 -10.75048206 -12.31326511 -18.99718695 -51.87874739
  90.52676562  24.77000382 -29.74575795  84.66620379]
Number of iterations: 167
Error over time: [30.011132537403036, 29.282184805410559, 28.66759192113458, 27.91875797587668, 27.15285562506611, 26.407223176001636, 25.658283411744328, 24.885400380199371, 24.209172347965929, 23.43103612641017, 22.67717174145135, 21.897215572461924, 21.118192051398168, 20.339642746361026, 19.58565953335756, 18.806433796731017, 18.02696942678979, 17.247485591361972, 16.468271488387522, 15.69260745754003, 14.918182718155631, 14.143964316880478, 13.369786849613103, 12.595707901688353, 11.821850339563513, 11.048448875927244, 10.275856011836302, 9.5044807060386258, 8.7347686875145172, 7.9672182747161759, 7.2023480720379744, 6.4407575772753418, 5.6832938730860825, 4.9315559337230814, 4.1892719768683229, 3.4652880255266334, 2.7789374889843916, 2.1661203663477395, 1.674815153337341, 1.3347028457267853, 1.1278474454427001, 1.0331838928060122, 0.96358249523545159, 0.92112308315923364, 0.89397832085366913, 0.8758861765008823, 0.86339900791977164, 0.85356495723033332, 0.84710932067435452, 0.8423159696329745, 0.83869530607869625, 0.83591957817343221, 0.83376369183055288, 0.83206960174001421, 0.83072419162366051, 0.82964513765217229, 0.82820849680077202, 0.82749507961539437, 0.8269073262756701, 0.82641893244695841, 0.82600960993463657, 0.82566358355911773, 0.82536849757478292, 0.82511461052787005, 0.82489419604211855, 0.82470109246432399, 0.82453036134793778, 0.82437802634951318, 0.82424087210827923, 0.82411628826707239, 0.82400214774204483, 0.82389671117226315, 0.82379855152086034, 0.82370649428607412, 0.8232200114425251, 0.82313741708278643, 0.82305848622418432, 0.82298266389351116, 0.82290948675961673, 0.82283856696482727, 0.82276957897076486, 0.82270224882674226, 0.82263634539180186, 0.8225716731358762, 0.82250806622241301, 0.82244538363273056, 0.82238350513965408, 0.82232232797535942, 0.82226176406763996, 0.82220173774297589, 0.82214218381340431, 0.82208304597979298, 0.82202427549650681, 0.82196583005224733, 0.82190767283005839, 0.82184977171633389, 0.82179209863356217, 0.82173462897627403, 0.8216773411334245, 0.82162021608258951, 0.82156323704484691, 0.82150638919037344, 0.82144965938671044, 0.82139303598302282, 0.82133650862489216, 0.82128006809479237, 0.82091378457529884, 0.82085749392620988, 0.84142680121319968, 0.83494450999647374, 0.82847666614798865, 0.82200920151253509, 0.81554172607615327, 0.80907429330471203, 0.80261228308595933, 0.79661086885953536, 0.79487432799769764, 0.79474871323805429, 0.79465906197451153, 0.79458305911653815, 0.79451420350256752, 0.79444970833580553, 0.7943881039239552, 0.79432851112448277, 0.79427036024727904, 0.79421326226050915, 0.79415694187044561, 0.7941011993000705, 0.79404588686940103, 0.79399089388299349, 0.7936829121113198, 0.79362832632897351, 0.79357386305746824, 0.79351948453041155, 0.79346516168527981, 0.79341087220578244, 0.7933565990404603, 0.79330232926758415, 0.79324805321581826, 0.79319376377658213, 0.79313945586231949, 0.79308512597687297, 0.79303077187343551, 0.79297639228100525, 0.79292198668547564, 0.7928675551540677, 0.79281309819465362, 0.79275861664320124, 0.79270411157379517, 0.79264958422712051, 0.79259503595379388, 0.79254046816968016, 0.79227178415468558, 0.79221718169152144, 0.79216256404650498, 0.79210793261999335, 0.79205328876854875, 0.79199863379710334, 0.79194396895354457, 0.79188929542548092, 0.79183461433864422, 0.79177992675653142, 0.79172523368100201, 0.7916705360536701, 0.79161583475776076, 0.79156113062041022, 0.7915064244151877]
-----------------------------------------------

Learning Rate: 1
Mean: [0.0, 2.4671622769447924e-18, 2.4671622769447924e-18, 2.4671622769447924e-18, 0.0, 0.0, 4.9343245538895848e-18, 0.0, -7.4014868308343768e-18, -4.9343245538895848e-18, 0.0, 4.9343245538895848e-18, -2.4671622769447924e-18, 0.0, -2.4671622769447924e-18, 0.0, 0.0, -9.8686491077791696e-18, -1.2335811384723962e-18, -7.4014868308343768e-18, 0.0, -2.4671622769447924e-18, 2.4671622769447924e-18, -2.4671622769447924e-18, -2.4671622769447924e-18, 0.0, 2.4671622769447924e-18, 2.4671622769447924e-18, 0.0, -9.8686491077791696e-18, 7.4014868308343768e-18, 0.0, 0.0, -4.9343245538895848e-18, 4.9343245538895848e-18, 4.9343245538895848e-18, -1.2335811384723962e-18, 0.0, 2.4671622769447924e-18, 0.0, -3.7007434154171884e-18, 0.0, 0.0, 0.0, 2.4671622769447924e-18, 9.8686491077791696e-18, 0.0, -3.0839528461809905e-19, 2.4671622769447924e-18, -2.4671622769447924e-18, 0.0, 0.0, 2.4671622769447924e-18, 0.0, 7.4014868308343768e-18, -2.4671622769447924e-18, 4.9343245538895848e-18, 4.9343245538895848e-18, -4.9343245538895848e-18, -2.4671622769447924e-18, -3.7007434154171884e-18, 1.2335811384723962e-18, 2.4671622769447924e-18]
Std: [1.0, 1.0, 1.0, 1.0, 1.0, 1.0, 1.0, 1.0, 1.0, 1.0, 1.0, 1.0, 1.0, 1.0, 1.0, 1.0, 1.0, 1.0, 1.0, 1.0, 1.0, 1.0, 1.0, 1.0, 1.0, 1.0, 1.0, 1.0, 1.0, 1.0, 1.0, 1.0, 1.0, 1.0, 1.0, 1.0, 1.0, 1.0, 1.0, 1.0, 1.0, 1.0, 1.0, 1.0, 1.0, 1.0, 1.0, 1.0, 1.0, 1.0, 1.0, 1.0, 1.0, 1.0, 1.0, 1.0, 1.0, 1.0, 1.0, 1.0, 1.0, 1.0, 1.0]
Weights: [ 25.02132098  65.35385341  34.37471497 -46.3785909  -67.35141707
  -3.35193322 -84.35705494  45.58674566  87.62023094 -49.58621311
 -70.16717863 -68.3998125  -43.24234431 -67.73754415 -26.20340479
  83.08907347  37.1297732   31.41629064  68.7767636  -48.32269393
  44.72189726 -83.19116746 -66.24338955  64.49630962  -5.45869165
 -91.52156959 -35.46203381 -58.4745781   35.52866249  39.32583913
 -67.30503797 -23.30049733 -65.86119961 -25.82561044  -2.63650105
  50.6258301  -81.017458    64.67601614 -89.25818468   7.51235432
 -11.04527164 -61.92209507  65.39464205  77.5329509   91.81776309
  73.85688846 -18.47419968  97.3407729   61.92439925  60.348835
  82.59483285 -81.63429763 -23.30437428 -14.54259495 -87.44859468
  94.43441565 -23.41170336  49.96761972 -90.71306412  13.81979004
 -32.63392051  79.26253005 -25.27481917  27.2588066 ]
Number of iterations: 112
Error over time: [30.047852739070379, 29.781895194064894, 29.333795393014707, 28.550736879676151, 27.85454332231712, 27.143563301176464, 26.430355099753566, 25.687412584271836, 24.945335597763076, 24.325617196492619, 23.579391404922561, 22.830839728032394, 22.084001481995941, 21.361974422309821, 20.640186026718034, 19.891587517745425, 19.143062662892387, 18.394697675038923, 17.646173108475072, 16.897726123445146, 16.173801831597029, 15.423983963828784, 14.6747486359526, 13.925786302017871, 13.17736843555979, 12.429592551111716, 11.70685238963895, 10.959358779409332, 10.212880124621707, 9.4674338511796119, 8.7240312972971559, 7.9826252869497321, 7.2435129421061628, 6.5069496944875889, 5.7736076803864371, 5.0452274298584774, 4.3258522910080659, 3.6489109392008832, 2.9826939426532553, 2.387720823288626, 1.9080804187449301, 1.5718324953949141, 1.3638604689054421, 1.2421489089032525, 1.1701782703605297, 1.1258520271775077, 1.0972730448591854, 1.0780570083757219, 1.0646646694458948, 1.0550451590441172, 1.0479659720805388, 1.0426289049981756, 1.0385422570526637, 1.0353498675353192, 1.0328318602938154, 1.0308093212979628, 1.0291708880416781, 1.0278300709090369, 1.0267167325159576, 1.0257889602176389, 1.0250042646673529, 1.02434035898352, 1.023769666936361, 1.0232806649381503, 1.0228487971706626, 1.0224796354834909, 1.022148243195893, 1.0218583455806756, 1.0215988831702696, 1.0213651950844236, 1.0211534377949623, 1.0209655571583012, 1.0207885889028938, 1.0206305556455137, 1.0204844477691841, 1.0203486786711073, 1.0202219008469706, 1.0201029645968402, 1.0199908848136459, 1.0198848149990645, 1.0197889952758792, 1.0196928374676779, 1.0196057323705578, 1.0195172824109207, 1.0194369750431314, 1.0193545612210677, 1.0192795905664533, 1.0192019322981289, 1.0191311740559243, 1.0190621822110157, 1.0189898663152466, 1.0189238555206099, 1.0188591013865549, 1.0187905896830154, 1.0187279657082111, 1.018666244219838, 1.0186053321897801, 1.0185402822957914, 1.01848075083365, 1.0184218074351417, 1.0183633946334516, 1.0183006121321754, 1.0182431096776017, 1.0181859977007486, 1.0181292399715469, 1.0180728029792523, 1.0180118269578817, 1.0179559471990187, 1.017900309199957, 1.017844892390442, 1.0177896776405995, 1.0177346483475627]
-----------------------------------------------

Learning Rate: 1
Mean: [0.0, 2.4671622769447924e-18, 2.4671622769447924e-18, 2.4671622769447924e-18, 0.0, 0.0, -4.9343245538895848e-18, 0.0, 4.9343245538895848e-18, 4.9343245538895848e-18, 0.0, -4.9343245538895848e-18, -2.4671622769447924e-18, 0.0, 2.4671622769447924e-18, 0.0, 0.0, 4.9343245538895848e-18, -1.2335811384723962e-18, -4.9343245538895848e-18, 0.0, -2.4671622769447924e-18, 2.4671622769447924e-18, -2.4671622769447924e-18, -2.4671622769447924e-18, 0.0, 2.4671622769447924e-18, 2.4671622769447924e-18, 0.0, 4.9343245538895848e-18, -4.9343245538895848e-18, 0.0, 0.0, 4.9343245538895848e-18, -9.8686491077791696e-18, -4.9343245538895848e-18, -1.2335811384723962e-18, 0.0, 2.4671622769447924e-18, 0.0, 3.7007434154171884e-18, 0.0, 0.0, 0.0, 2.4671622769447924e-18, -4.9343245538895848e-18, 0.0, 6.167905692361981e-19, 2.4671622769447924e-18, -2.4671622769447924e-18, 0.0, 0.0, 2.4671622769447924e-18, 0.0, -4.9343245538895848e-18, -2.4671622769447924e-18, -4.9343245538895848e-18, 4.9343245538895848e-18, 4.9343245538895848e-18, -2.4671622769447924e-18, 4.9343245538895848e-18, 1.2335811384723962e-18, 2.4671622769447924e-18]
Std: [1.0, 1.0, 1.0, 1.0, 1.0, 1.0, 1.0, 1.0, 1.0, 1.0, 1.0, 1.0, 1.0, 1.0, 1.0, 1.0, 1.0, 1.0, 1.0, 1.0, 1.0, 1.0, 1.0, 1.0, 1.0, 1.0, 1.0, 1.0, 1.0, 1.0, 1.0, 1.0, 1.0, 1.0, 1.0, 1.0, 1.0, 1.0, 1.0, 1.0, 1.0, 1.0, 1.0, 1.0, 1.0, 1.0, 1.0, 1.0, 1.0, 1.0, 1.0, 1.0, 1.0, 1.0, 1.0, 1.0, 1.0, 1.0, 1.0, 1.0, 1.0, 1.0, 1.0]
Weights: [ -21.32571653   35.33034472   34.40080342  -29.99740516  -75.3203775
    2.67763292  -52.33857998  100.52011907  101.63075832  -80.86412321
  -56.99022275  -61.40732334  -71.12750355   65.94760277   32.93106024
   86.3928803   -76.1497141   -90.16646485   86.86044541  -90.28656862
   12.5729041    92.49054098  -38.33550761   91.26962506   60.33274119
   16.24962769  -67.66587124  -91.68351825   77.32077371  -38.02461948
   90.47870091  -67.80261133  101.75418718   70.32997594  -48.42099472
   62.09739445   18.87619981  -21.62893509   83.00709924  -75.62930329
  -60.81342573   22.86837321   53.75568553  -83.24060789   85.09696262
   76.88706214   -3.23430722   31.99698757   39.84674734  -38.98797238
  -22.84046475  -24.06422744   54.91661603  -53.28552192   26.2643074
   58.76983101   25.17547072   -9.01081107  -28.23181108   -4.86093822
   51.47064919   86.91597889   80.09834614  -48.08261782]
Number of iterations: 173
Error over time: [16.041342847116184, 16.041342895549271, 16.041343015953327, 16.041343315249122, 16.041344059059298, 16.041345906541263, 16.041350488959417, 16.04136181604375, 16.065865931581477, 16.064969928088725, 16.063850384083558, 16.063075416961929, 16.062350885758288, 16.086420075278244, 16.085246690462281, 16.083627807343014, 16.082415484829983, 16.081129055794641, 16.079893713322299, 16.127610819506938, 16.148365107788081, 16.144992839703946, 16.164126090180744, 16.157677088600455, 16.151732857805897, 16.145396544212609, 16.139209852436277, 16.157479086997697, 16.149743748768625, 16.14236233284328, 16.135006551600565, 16.127562149064467, 16.120103502696068, 16.112646955777016, 16.129669401772187, 16.145166543804123, 16.208655107777517, 16.26969419354257, 16.499144720245059, 30.15336737182437, 29.935800032230645, 29.383475662336632, 28.696280277286245, 27.934996270728007, 27.225573121975096, 26.4942552580792, 25.761261045831073, 25.002239642374466, 24.244732778619795, 23.487764399057475, 22.756396030641291, 22.000591508584332, 21.245210763177639, 20.490406813349722, 19.760745621516765, 19.005770884325408, 18.276128758540949, 17.52136017555117, 16.791681104632119, 16.038073019515551, 15.283894223905975, 14.532157083648478, 13.782014122672013, 13.033371651385526, 12.285881947401592, 11.539111055668315, 10.792850468047702, 10.047108660310531, 9.3019784066553584, 8.5574961634457782, 7.8136591146662733, 7.0706300804046949, 6.3289486566963626, 5.5897762260882251, 4.8555280031904813, 4.1314477854315177, 3.4287417099234072, 2.7698107229940336, 2.1928073102764514, 1.7427160987529846, 1.4391452508980118, 1.3056126110621917, 1.200124995066719, 1.1378700500861745, 1.0975670319860713, 1.0728113329549813, 1.0556252492281126, 1.0435154661599755, 1.0352645276476502, 1.0292266527417484, 1.0243185159118877, 1.0208928579567715, 1.017850702714636, 1.0157846833914572, 1.0138400436098856, 1.0125324753309366, 1.0114761453945895, 1.0106149101520183, 1.0099067015964154, 1.009319627720338, 1.0082661080767683, 1.0078535328212364, 1.0075040044636085, 1.0072059163430083, 1.0069500667923388, 1.0067291089684787, 1.006537137768496, 1.0063693769209126, 1.0062219400189429, 1.0060916466540921, 1.0059758799328429, 1.005658377195751, 1.0055655354773212, 1.0054817536800151, 1.0054057706221673, 1.0053365232822657, 1.0052731118616658, 1.0052147716336783, 1.0051608501431484, 1.0051107886803257, 1.0050641071345043, 1.0050203915780225, 1.0049792840297369, 1.004940473984288, 1.0049036913801668, 1.0048687007271992, 1.0048352961932083, 1.0048032974666916, 1.0047725462706163, 1.004742903406129, 1.0045287859695571, 1.0045010062791786, 1.0044740084362693, 1.0044477078119811, 1.0044220294287891, 1.0043969067787326, 1.0043722808097446, 1.0043480990420912, 1.0043243147954317, 1.0040476621311163, 1.0040245528049356, 1.0040017294395351, 1.0039791626116412, 1.0039568260685445, 1.0039346963730982, 1.0039127525957359, 1.0038909760379011, 1.003869349990367, 1.0038478595138864, 1.0038264912533648, 1.003805233261273, 1.0036204873027885, 1.0035994189160984, 1.0035784319945165, 1.0035575188825545, 1.0035366727268422, 1.0035158873913648, 1.0034951573840134, 1.003474477789646, 1.003453844204566, 1.0034332526890211, 1.0034126997129318, 1.0033921821184018, 1.0033716970763082, 1.0033512420544763, 1.003330814787754, 1.003310413245375, 1.0032900356121548, 1.0032696802643515, 1.0032493457463987, 1.0030826967089268, 1.0030624000875676, 1.003042120792194]
-----------------------------------------------

Learning Rate: 1
Mean: [0.0, 2.4671622769447924e-18, 2.4671622769447924e-18, 2.4671622769447924e-18, 0.0, 0.0, 4.9343245538895848e-18, 0.0, -7.4014868308343768e-18, -4.9343245538895848e-18, 0.0, 4.9343245538895848e-18, -2.4671622769447924e-18, 0.0, -2.4671622769447924e-18, 0.0, 0.0, -9.8686491077791696e-18, -1.2335811384723962e-18, -2.4671622769447924e-18, 0.0, -2.4671622769447924e-18, 2.4671622769447924e-18, -2.4671622769447924e-18, -2.4671622769447924e-18, 0.0, 2.4671622769447924e-18, 2.4671622769447924e-18, 0.0, -9.8686491077791696e-18, 7.4014868308343768e-18, 0.0, 0.0, -4.9343245538895848e-18, 4.9343245538895848e-18, 4.9343245538895848e-18, -1.2335811384723962e-18, 0.0, 2.4671622769447924e-18, 0.0, -3.7007434154171884e-18, 0.0, 0.0, 0.0, 2.4671622769447924e-18, 9.8686491077791696e-18, 0.0, -3.0839528461809905e-19, 2.4671622769447924e-18, -2.4671622769447924e-18, 0.0, 0.0, 2.4671622769447924e-18, 0.0, 7.4014868308343768e-18, -2.4671622769447924e-18, 4.9343245538895848e-18, -1.9737298215558339e-17, -4.9343245538895848e-18, -2.4671622769447924e-18, -3.7007434154171884e-18, 1.2335811384723962e-18, 2.4671622769447924e-18]
Std: [1.0, 1.0, 1.0, 1.0, 1.0, 1.0, 1.0, 1.0, 1.0, 1.0, 1.0, 1.0, 1.0, 1.0, 1.0, 1.0, 1.0, 1.0, 1.0, 1.0, 1.0, 1.0, 1.0, 1.0, 1.0, 1.0, 1.0, 1.0, 1.0, 1.0, 1.0, 1.0, 1.0, 1.0, 1.0, 1.0, 1.0, 1.0, 1.0, 1.0, 1.0, 1.0, 1.0, 1.0, 1.0, 1.0, 1.0, 1.0, 1.0, 1.0, 1.0, 1.0, 1.0, 1.0, 1.0, 1.0, 1.0, 1.0, 1.0, 1.0, 1.0, 1.0, 1.0]
Weights: [ -7.12559649  79.00939267  62.03249526 -58.60222208  76.99263473
 -64.00783896 -87.01390172  60.90493766 -87.5622591  -27.50747327
   1.06251998  51.34864044  70.37968189  36.40700249 -83.39181051
  58.09311979 -24.54873378  50.36200425 -86.73446258  74.93773761
 -55.30237161 -63.79328399 -55.68901147 -94.71372584 -84.72780873
 -50.73304615  73.26295549  95.265359   -93.73456396  39.52982749
 -27.4252158  -19.86484946 -29.56784926 -16.80585867  -3.84632817
  73.7438127  -13.30798344 -82.65475657  31.73037402 -81.28179833
 -51.53543397 -77.99213934 -37.42239943 -85.76856036   0.55996036
 -47.90453637  44.03524462 -42.63736881  22.38376077 -38.66014784
 -20.48561147 -79.52402962 -88.45780427  98.49630347  20.50534098
 -27.50811633  79.51290413  83.91849072  72.91435458  89.11642161
  89.37268066  55.11309398 -56.30375412 -16.56013306]
Number of iterations: 141
Error over time: [2.2474614785666525, 1.7517694869099998, 1.4091581909689146, 1.1986004792946594, 2.0331065931367083, 1.946235754198562, 1.8879229038952667, 1.8456590966355353, 1.8130712586265278, 1.7865919436577988, 1.764136292503083, 1.7444287681534674, 1.7266569480929743, 1.7102847896782727, 1.6949476972191466, 1.6803910953775032, 1.6664330470172146, 1.6529408830311942, 1.6398161759034828, 1.6269846924455977, 1.6143896934938489, 1.6019872143695078, 1.5897428629399948, 1.5776293717404111, 1.5656250102422837, 1.5537122322155901, 1.541876797222077, 1.5301070560455332, 1.5183933989207299, 1.5067278662488846, 1.4951038163647368, 1.4835156639043319, 1.4719587167318029, 1.4604289866520392, 1.4489230758982243, 1.4374380843868324, 1.4259715094058669, 1.4145212030189382, 1.4030853052544381, 1.3916621934410804, 1.3971322856341784, 1.3763295080343738, 1.3555306428349703, 1.3347378331285209, 1.3139925648184243, 1.2977973827323463, 1.2862837174034742, 1.2748043121556865, 1.2633541844676179, 1.2519293526361082, 1.2405265152960663, 1.2291429108393246, 1.2177761860978089, 1.2064243376699693, 1.1950856371662897, 1.1837585902551353, 1.1724418973118154, 1.1611344368772882, 1.1498352204513484, 1.1385433826229596, 1.1272581599932245, 1.1159788914291624, 1.1047049778931828, 1.0934358966512625, 1.0821711801926144, 1.0709104143423709, 1.059653228605193, 1.0483992962911721, 1.0371483156546735, 1.0259000216341547, 1.0146541810156249, 1.0034105722412547, 0.99216900305433853, 0.9809292996343475, 0.96969130832378425, 0.95845488321843375, 0.9472198940702784, 0.93598622521772468, 0.9247537681334711, 0.91352242959997521, 0.90229211753116279, 0.89106275398880985, 0.87983427034966832, 0.86860659713544019, 0.85737967481986599, 0.84615344482173138, 0.83492786260874086, 0.82370288143262027, 0.81247845758243742, 0.80125495769439936, 0.79095857708018802, 0.79003954907842455, 0.79013800220467911, 0.79023362582476697, 0.79032607053887527, 0.79041509661160014, 0.79050055323657054, 0.79058236501039436, 0.7906605208982953, 0.79073504987238308, 0.79080602938815969, 0.79087355974876528, 0.79093776261550208, 0.79099878690335002, 0.79105677846737354, 0.79111189808764448, 0.79116430621633294, 0.7912141668871201, 0.79126163922590809, 0.79130688580983044, 0.7913500525867494, 0.7913912919127758, 0.79143074275172143, 0.79146854463736971, 0.79150481817421292, 0.79153969066142171, 0.79157327443552505, 0.79160567587266339, 0.7916369959350108, 0.79166733027570002, 0.79169676394952737, 0.79172538270664838, 0.79175326056856488, 0.79178046720577178, 0.79180707286082652, 0.79183313307008729, 0.79185870978792339, 0.79188385068687495, 0.79190861080305408, 0.79193302911374641, 0.79195715033577907, 0.79198100992346498, 0.79200465058661629, 0.79202809632614979, 0.79205138508732031, 0.79207453972920949, 0.79209758817163134, 0.79212055680491023, 0.79214346490023613, 0.79216633370203737, 0.79218918144662054]
-----------------------------------------------

Learning Rate: 1
Mean: [0.0, 2.4671622769447924e-18, 2.4671622769447924e-18, 2.4671622769447924e-18, 0.0, 0.0, -4.9343245538895848e-18, 0.0, 4.9343245538895848e-18, 4.9343245538895848e-18, 0.0, -4.9343245538895848e-18, -2.4671622769447924e-18, 0.0, 2.4671622769447924e-18, 0.0, 0.0, 4.9343245538895848e-18, -1.2335811384723962e-18, 1.4802973661668754e-17, 0.0, -2.4671622769447924e-18, 2.4671622769447924e-18, -2.4671622769447924e-18, -2.4671622769447924e-18, 0.0, 2.4671622769447924e-18, 2.4671622769447924e-18, 0.0, 4.9343245538895848e-18, -4.9343245538895848e-18, 0.0, 0.0, 4.9343245538895848e-18, -9.8686491077791696e-18, -4.9343245538895848e-18, -1.2335811384723962e-18, 0.0, 2.4671622769447924e-18, 0.0, 3.7007434154171884e-18, 0.0, 0.0, 0.0, 2.4671622769447924e-18, -4.9343245538895848e-18, 0.0, 6.167905692361981e-19, 2.4671622769447924e-18, -2.4671622769447924e-18, 0.0, 0.0, 2.4671622769447924e-18, 0.0, -4.9343245538895848e-18, -2.4671622769447924e-18, -4.9343245538895848e-18, 9.8686491077791696e-18, 4.9343245538895848e-18, -2.4671622769447924e-18, 4.9343245538895848e-18, 1.2335811384723962e-18, 2.4671622769447924e-18]
Std: [1.0, 1.0, 1.0, 1.0, 1.0, 1.0, 1.0, 1.0, 1.0, 1.0, 1.0, 1.0, 1.0, 1.0, 1.0, 1.0, 1.0, 1.0, 1.0, 1.0, 1.0, 1.0, 1.0, 1.0, 1.0, 1.0, 1.0, 1.0, 1.0, 1.0, 1.0, 1.0, 1.0, 1.0, 1.0, 1.0, 1.0, 1.0, 1.0, 1.0, 1.0, 1.0, 1.0, 1.0, 1.0, 1.0, 1.0, 1.0, 1.0, 1.0, 1.0, 1.0, 1.0, 1.0, 1.0, 1.0, 1.0, 1.0, 1.0, 1.0, 1.0, 1.0, 1.0]
Weights: [  6.08619095 -42.33026542 -84.31606073 -44.08743687  25.33189081
  17.33154194  92.32775268 -70.7177899  -74.19181772  10.24601802
 -64.64285365 -91.3875821  -10.43570096  96.44622223 -25.81354534
 -86.94050079 -94.0242178   46.5903462   66.57213488 -79.692429
 -34.80869506 -59.56928977 -17.41878022  59.36882338  83.42538279
 -27.61845688 -68.56488679  39.42155556 -18.57577717 -37.78496086
 -72.43710354 -17.27449666 -60.9054668   42.17462401  30.4522477
 -24.43899456 -20.09865644 -29.29371899 -19.39254238  35.4438975
 -51.96246845 -66.95293455  86.48561178 -90.28280429  36.96837029
 -91.44261391  48.67059615  50.26644928  26.98870798  -1.7306428
  37.31112353  54.75563639  61.14099816 -21.39933104   9.38447826
  28.6394254  -23.67771318  -2.78717624  90.83104024  15.24394257
 -60.01678341 -55.0045872   29.11132018   4.7898865 ]
Number of iterations: 87
Error over time: [11.099101125094641, 10.355446686407285, 9.6129380888707967, 8.8716141586224957, 8.131526518698406, 7.393045552688327, 6.657030969437737, 5.9248291611062855, 5.1984165620128726, 4.5057457132826224, 3.8040956997079225, 3.1334039738195116, 2.5232643905826073, 2.0153922764251471, 1.6449064589139379, 1.4086789186048096, 1.2691453737022755, 1.1871101963254036, 1.1371647545608636, 1.105337156863095, 1.0841630938377995, 1.0695366081474396, 1.0591091298461386, 1.0514668429507321, 1.0457399857236915, 1.0413578269968915, 1.0379498245492971, 1.0352565721197813, 1.0330964602195032, 1.0313437325836432, 1.0299033405707791, 1.0287086442915163, 1.0277063285988346, 1.0268557426245593, 1.0261305766156279, 1.0255042139859651, 1.0249618377180607, 1.0244858445865002, 1.0240649031267079, 1.0236913945610806, 1.0233564005627775, 1.0230553411807799, 1.02278181745004, 1.0225317719252416, 1.0223018358744835, 1.02209050392177, 1.0218927757339373, 1.0217092522670366, 1.0215369415542712, 1.0213731951753133, 1.0212192379219862, 1.0210716099736659, 1.0209317710388306, 1.0207966135165394, 1.0206677450318802, 1.0205423283670085, 1.0204209823826711, 1.0203021969948953, 1.0201877166273738, 1.0200750911335477, 1.0199650759362791, 1.019857402120647, 1.0197518323427022, 1.0196471932907138, 1.019544292341692, 1.019442963490597, 1.0193421404313137, 1.0192435436120937, 1.0191443415052219, 1.0190471424646845, 1.01895008458047, 1.0188539732867732, 1.018757895397518, 1.0186626448264435, 1.0185681591087639, 1.0184735831831286, 1.0183796893903942, 1.0182864311148012, 1.0181930033428803, 1.0181001536332892, 1.0180071067742826, 1.0179145924669624, 1.0178218632798988, 1.0177296304282231, 1.0176378678481344, 1.0175458666762716, 1.0174536360259108]
-----------------------------------------------

Learning Rate: 1
Mean: [0.0, 2.4671622769447924e-18, 2.4671622769447924e-18, 2.4671622769447924e-18, 0.0, 0.0, 4.9343245538895848e-18, 0.0, -7.4014868308343768e-18, -4.9343245538895848e-18, 0.0, 4.9343245538895848e-18, -2.4671622769447924e-18, 0.0, -2.4671622769447924e-18, 0.0, 0.0, -9.8686491077791696e-18, -1.2335811384723962e-18, -7.4014868308343768e-18, 0.0, -2.4671622769447924e-18, 2.4671622769447924e-18, -2.4671622769447924e-18, -2.4671622769447924e-18, 0.0, 2.4671622769447924e-18, 2.4671622769447924e-18, 0.0, -9.8686491077791696e-18, 7.4014868308343768e-18, 0.0, 0.0, -4.9343245538895848e-18, 4.9343245538895848e-18, 4.9343245538895848e-18, -1.2335811384723962e-18, 0.0, 2.4671622769447924e-18, 0.0, -3.7007434154171884e-18, 0.0, 0.0, 0.0, 2.4671622769447924e-18, 9.8686491077791696e-18, 0.0, -3.0839528461809905e-19, 2.4671622769447924e-18, -2.4671622769447924e-18, 0.0, 0.0, 2.4671622769447924e-18, 0.0, 7.4014868308343768e-18, -2.4671622769447924e-18, 4.9343245538895848e-18, 4.9343245538895848e-18, -4.9343245538895848e-18, -2.4671622769447924e-18, -3.7007434154171884e-18, 1.2335811384723962e-18, 2.4671622769447924e-18]
Std: [1.0, 1.0, 1.0, 1.0, 1.0, 1.0, 1.0, 1.0, 1.0, 1.0, 1.0, 1.0, 1.0, 1.0, 1.0, 1.0, 1.0, 1.0, 1.0, 1.0, 1.0, 1.0, 1.0, 1.0, 1.0, 1.0, 1.0, 1.0, 1.0, 1.0, 1.0, 1.0, 1.0, 1.0, 1.0, 1.0, 1.0, 1.0, 1.0, 1.0, 1.0, 1.0, 1.0, 1.0, 1.0, 1.0, 1.0, 1.0, 1.0, 1.0, 1.0, 1.0, 1.0, 1.0, 1.0, 1.0, 1.0, 1.0, 1.0, 1.0, 1.0, 1.0, 1.0]
Weights: [-33.76127377  15.81499284 -61.15246807 -67.62648291 -27.8116257
  67.18762387  -4.82123684  69.06177955 -75.5957333   22.49526776
 -80.45526612  17.03507718 -34.24192665 -14.00222486  96.58989052
 -41.66281384 -75.5225422   22.46341425 -58.95107813 -50.43936764
  87.35482554 -96.81447527  83.048681    53.10276344 -53.91259758
  31.1067836  -20.91125851  91.09259336 -44.90837971 -11.10123968
 -94.62905222 -26.44908894 -28.27629964  70.13225834 -78.10215514
   7.15547563  12.08689157  24.41438665 -79.09843448  98.23022059
 -76.06666798 -78.32809205 -15.88456567  -9.08744483   1.54550528
 -25.39618415 -98.18027557  69.08698127  45.04537947 -13.904463
  20.84698154  36.13207255 -80.09923854 -21.81917773 -49.17614378
 -46.83138554 -69.15655452 -46.78814698 -63.0111126   61.99950714
  83.95936586 -79.84833054  90.85407906  51.14943169]
Number of iterations: 207
Error over time: [12.780010844954205, 11.797953675546955, 10.816922387321068, 9.8379224077313712, 8.8620769136573987, 7.9145479681617719, 6.9455888000188128, 5.9811097884451128, 5.0242693731188339, 4.0840485494552947, 3.1813676868526248, 2.3609980982785963, 1.693733912152976, 1.2335589006926651, 0.95802301045398919, 0.79860340144278363, 0.70176054510943076, 0.63865913275554487, 0.59484694823008888, 0.56281480868376221, 0.53841234367943858, 0.519201384262298, 0.5036696838016177, 0.49083540934027065, 0.48003539394434275, 0.47080682339443997, 0.46281723821947884, 0.45582182647989716, 0.44963655873197467, 0.44412034858545968, 0.43916325537299422, 0.43467842410322455, 0.4305962543860134, 0.42686031054670043, 0.42342436385489868, 0.42025019990170387, 0.41730591119918836, 0.4145646229719091, 0.41200363430043802, 0.40960351042279142, 0.40734759938001314, 0.40522149314531775, 0.4032127118365349, 0.40131035259565395, 0.39950482190889686, 0.39778773279680257, 0.39615162495111494, 0.39458988908927001, 0.39309663847687043, 0.39166660268624687, 0.3902950568910683, 0.38897776056735955, 0.38771087275759453, 0.3864909206124833, 0.38531477019753108, 0.38417955835599887, 0.38308266375894157, 0.38202171303592575, 0.38099452192941846, 0.37999908819727568, 0.37903357278947741, 0.37809627806948815, 0.37718564443641051, 0.37630022186022805, 0.37543867437022099, 0.37459976439471832, 0.3737823310046981, 0.37298531285847181, 0.37220770240930356, 0.37144857711468499, 0.37070706163148187, 0.36998234621698262, 0.36927367048440096, 0.36858031972784588, 0.3679016246789284, 0.36723695784823962, 0.3665857274214544, 0.36594737751373113, 0.36532138281467508, 0.36470725162360268, 0.36410451327282106, 0.36351272917993088, 0.36293148088476235, 0.36236037348340322, 0.36179903394364771, 0.36124710547561389, 0.36070425470795231, 0.36017016014809661, 0.35964451747895398, 0.35912703838231735, 0.35861744944839385, 0.35811548624672607, 0.35762090280879416, 0.35713345756952092, 0.35665292581247982, 0.35617909233673806, 0.35571174683112161, 0.35525069352942373, 0.35479574337260739, 0.35434671385801925, 0.3539034325024692, 0.3534657349144873, 0.35303345862607161, 0.35260645340611396, 0.35218457262630032, 0.3517676754090403, 0.35135562637551077, 0.35094829635498992, 0.35054556014421279, 0.350147299148103, 0.34975339651255338, 0.34936374243252744, 0.34897822863758216, 0.34859675336879686, 0.34821921775491627, 0.34784552503143829, 0.34747558350224189, 0.34710930407675411, 0.34674660089111226, 0.34638739053185669, 0.34603159390545635, 0.3456791334453429, 0.34532993377861471, 0.34498392228673902, 0.34464103065043411, 0.34430118959598122, 0.34396433403386201, 0.3436304011643489, 0.34329932939141133, 0.34297105884485551, 0.34264553229453693, 0.3423226936237227, 0.34200248917858433, 0.34168486591459013, 0.34136977356607978, 0.34105716201139785, 0.34074698378113871, 0.34043919232721415, 0.34013374242795208, 0.33983059015121503, 0.33952969283730322, 0.3392310087172854, 0.33893449824877941, 0.33864012203262223, 0.33834784154485054, 0.3380576203391219, 0.33776942243389041, 0.33748321236777351, 0.33719895633814884, 0.33691662103426084, 0.3366361741971402, 0.33635758458947274, 0.33608082174717846, 0.33580585579048766, 0.33553265780001335, 0.33526120095705725, 0.33499145881273934, 0.33472340927989669, 0.33445703507402857, 0.33419233191945291, 0.33392932222941146, 0.33366808738887282, 0.33340884200618931, 0.33315209531732809, 0.33289900996315913, 0.3326521668599583, 0.33241709980031015, 0.33220490587241203, 0.33203486037885321, 0.33193113237900163, 0.33190443673247122, 0.33193134946339914, 0.33196823403454317, 0.33198385941201564, 0.33196728382458207, 0.33191886923977681, 0.33184275733539653, 0.33174360108570417, 0.33162552906908283, 0.33149194501242318, 0.33134558831506411, 0.33118865283128063, 0.33102290135538059, 0.33084976033330948, 0.3306703930551359, 0.33048575725745388, 0.33029664730427954, 0.33010372818826045, 0.32990755991094695, 0.32970861829504722, 0.32950730931933309, 0.32930398206618428, 0.32909893811901392, 0.32889243907175675, 0.32868471320402798, 0.32847596011804508, 0.32826635531595699, 0.32805605343760269, 0.32784519128048184, 0.32763388994456527, 0.32742225713398265, 0.32721038868424968, 0.32699837009600574, 0.32678627779168284, 0.32657418007955524, 0.32636213827227745, 0.32615020726417382]