
-----------------------------------------------

Learning Rate: 0.1
Weights: [-1.66731231  4.03418178  1.97480114  3.00589445  1.67363744  3.67719361
  1.60419486  2.56369057  3.58839742  3.62614685  0.31538153  0.27492007
  0.33162017  0.31249617 -0.64021256 -1.66153686  0.31594152  0.32527443
  0.29989671 -1.41283169  0.59355954 -1.3895976  -1.3649176  -0.38375998
 -0.38889451 -0.39243872 -1.38051253 -0.36302882 -1.31500623  0.68818629
 -1.30919876  0.70929711  0.71749514 -0.29622476  0.68799854  0.68729118
 -0.30414248 -1.73804709 -0.6654372   0.26929785  0.34617346 -0.71661329
 -0.71795739 -1.72680625 -0.72745415  0.3438763  -1.1833895  -0.22175516
 -1.21457717  0.80607925  0.81376302  0.79288432  0.79578257 -1.2066468
 -0.21404057 -1.27503069 -1.29087968 -0.2369926  -1.28308172 -1.23625406
  0.76678044 -0.26204554 -1.25405411 -1.26799574  0.5164403  -1.49028798
 -0.47956635 -0.46775896 -1.46048359 -1.45368457  0.55675109 -0.43998699
  0.53374191 -1.47616062 -0.46431382  0.49304083 -0.46803136 -0.5009418
 -1.46654211 -1.41793326  0.55914975 -0.45782939 -0.12730493 -0.8906026
 -0.11105199 -0.87156412 -1.03770798  0.20257662 -0.8014967  -1.01589274
 -0.83966614 -1.01863703  0.99588152 -1.01192991 -0.160986   -1.18711285
 -0.13113951 -1.12741708 -3.31933275 -0.76278848]
Number of iterations: 15298
Final cost: 0.251050188953
-----------------------------------------------

Learning Rate: 0.1
Weights: [-3.37467689 -1.35790946 -1.38014351  0.65311416 -1.31284577 -1.31037488
 -0.32355483 -0.32240301  0.71451249 -1.30159654  7.47184909  7.48153014
  6.39837038  7.43165466  5.41765578  5.38137484  7.33597194  5.2580035
  7.32063437 -0.24830689 -1.36027509 -0.24950517 -1.28070336 -1.21240099
 -0.27626816  0.7160794  -1.21753264 -0.28666629 -1.79580158 -0.79096978
  0.19926428  0.22482331  0.21339976  0.21262003 -0.77194022  0.23414408
 -0.76904098 -1.59006244 -0.45779489 -2.54404919 -0.45469993 -1.53192374
 -1.52058052 -1.56162596 -2.57039232 -0.4500431  -1.30355683 -1.31310811
 -1.31499447 -0.26902311 -1.2696131   0.69466603 -0.33489058 -1.33626188
 -0.31204773 -1.7185079  -1.74117294  0.27384577 -1.72995719 -0.6987199
  0.30908738 -1.68100252  0.3099924   0.26397687 -0.39905958 -1.34738246
 -0.34003477 -0.35682325 -0.33989313 -1.30146355 -0.32233798 -1.34131977
  0.65949786 -0.28261408 -1.24157256 -2.25847244 -2.20454758 -1.21354744
 -0.21882984 -0.24676829 -0.26174028 -0.21846668 -0.57867099 -2.09220315
 -1.56019799 -2.34657563 -1.49463335 -1.06149417 -1.05931956 -0.49360285
 -0.3347158  -0.92510407  0.02425155 -1.00219176 -2.48048857 -2.47293371
 -1.27603426  3.73916167  2.18295364  1.95996812]
Number of iterations: 29497
Final cost: 0.135750643588
-----------------------------------------------

Learning Rate: 0.1
Weights: [-2.27125456  0.28273354 -0.7026843   0.23062365 -0.61794758 -0.63965798
 -1.63339919 -0.59570934 -0.62802149  0.36139341 -1.38114747 -0.41325798
  0.66330979 -1.38752891 -1.34244117 -0.38266006 -1.40309723 -1.34088379
 -0.35797248  6.72417381  5.66941368  6.70059495  5.53793157  6.57465752
  4.4770198   4.4296008   4.47954496  4.49778739 -0.45885711 -1.4402837
  0.56009497  0.56186203 -0.43617236  0.57531021 -1.42069448 -0.411688
  0.5854512  -2.65688883 -0.60776671 -0.6232282  -2.6005849  -0.60114365
 -2.59295333 -1.62065185 -1.62845982 -2.59926158 -0.11094025 -1.15365359
  0.81317415 -1.14309353  0.84002263 -1.17595027 -1.11285098 -1.11999753
 -1.15597178 -1.46405075 -1.42222572 -1.45848608  0.61089283 -1.43313954
  0.55995853  0.5662674   0.57854791  0.62031273 -0.67467814 -0.66046046
  0.35398191  0.36675519 -1.63264728 -1.61807559 -0.60517179 -0.58672037
 -0.60058036 -0.06847972 -2.02728007 -2.11623304 -0.01372986 -0.08042435
 -1.06849111 -2.02280423 -2.05300739 -2.03148694 -1.60052482 -1.19905693
 -2.69419618 -3.40157038 -3.63502394 -1.39394293 -1.36051136 -3.60953321
 -3.42777429 -0.98861439  0.99595036 -1.00843853 -1.24835791 -0.32088598
  0.8573238  -1.0654985   0.70468937 -1.05816857]
Number of iterations: 28363
Final cost: 0.16905005741
-----------------------------------------------

Learning Rate: 0.1
Weights: [-2.02564483 -0.15834553 -1.16027575 -0.14770858 -1.15068788  0.85979922
 -0.12939821 -1.12397474 -1.12444723 -1.13563907 -1.27094668 -1.28053411
 -0.27289443  0.72032212 -1.27528225 -1.26833212 -1.25901412  0.74210811
  0.72949505  0.85034265 -0.15394726 -0.14342594 -1.14295465 -1.13653901
 -1.12932073 -1.132005   -0.13440744 -0.13913494  1.97146081  1.95508044
  0.95948753 -0.07212236  1.92026037  1.91486991  1.91588928  0.9146119
  1.91927215 -1.34467468 -1.30120989 -1.34899199 -0.2970019  -1.34283653
  0.65683303 -0.33841092 -0.33843364  0.70386099  0.90403922 -0.09427601
 -1.11275108 -1.09203638 -1.10175692 -1.10473351 -1.0939172   0.90025948
  0.90001839 -1.10835856 -1.10757028 -1.10774255 -1.11026202 -0.10604888
 -0.09924161 -1.09516306 -0.1006051  -0.10947161 -0.32670855 -0.32784046
  0.6836546  -0.31300188 -1.30676056  0.69385159  0.6983182  -0.29721708
  0.69239611 -0.26910806 -1.24397495 -1.26335691  0.75996993 -0.25045495
  0.75541333  0.75058495 -1.25567126 -1.23879732 -1.57280967 -0.48047683
  0.42464829 -0.46176236 -0.53354975  0.5749103  -1.42499551 -0.52748088
  0.54532941 -0.02730296 -1.02768297 -1.01608991 -0.43803426  0.54900776
  0.95387251  0.37298415 -1.44425557  0.81558526]
Number of iterations: 7081
Final cost: 0.292350041965
-----------------------------------------------

Learning Rate: 0.1
Weights: [-2.89840191 -0.35476212 -1.33313862  0.65754583  0.68848228  0.67599438
 -1.31337245  0.69154247  0.68956261 -0.30564035  0.72664533  0.72045962
  0.73193447  0.73226338 -1.26590454 -0.26946738 -0.26908896 -1.25849441
 -0.26115862  0.94112028 -0.06283816  0.95067769 -1.04381905 -0.04229648
 -0.04252797 -1.03994045 -1.03310534 -1.03848272 -0.0470752  -1.03803834
 -0.03437734 -1.03819314 -1.02952774 -0.02740316 -1.04048243 -1.04378324
 -1.03813027  3.55778861  3.60256384  3.60319971  2.56651177  4.5517159
  2.5363841   3.48306764  4.49760802  3.56789888 -1.14077375 -0.15451629
 -0.14945878  0.85495618 -0.13075728 -1.13858587  0.8576355   0.85106761
  0.84164072 -1.21978011 -1.22128291 -0.23637917 -0.19580203 -1.20026437
 -1.22410508 -1.23653015 -0.24228834  0.77673191 -1.24136914  0.76535061
  0.77271465 -0.22665827  0.78478083 -0.20741031  0.78450943 -1.2171016
 -0.22224898 -0.23302672  0.75905912 -1.22678219  0.78850454 -1.21506022
 -0.23182931  0.76690156 -0.21849627 -0.21245019 -0.87836559 -1.21442304
 -2.96210727 -0.91162504 -2.90789445 -2.18744453 -3.14177411 -0.92059441
 -1.95757349  1.01621813 -0.00915662 -0.99973858 -0.43418804 -0.46019402
  0.83866927  0.39406706 -1.58855227  0.7932542 ]
Number of iterations: 10823
Final cost: 0.118950566015
-----------------------------------------------

Learning Rate: 0.1
Weights: [-2.21422257  0.86165756 -1.13124201 -0.13473486 -1.11977239 -0.11980333
 -1.11446523  0.88877175 -1.11268485 -0.11189737 -1.20413695 -1.20978134
 -1.20657098 -1.20497064 -0.20129079 -0.20526186 -1.20299602  0.80134484
 -0.20473627  0.82373296  0.81402012 -1.18741165 -1.16638558 -1.16764313
 -0.18174932 -0.17459082 -0.16869469  0.82841403  0.85471807 -1.14051079
 -1.14963951 -1.13425276 -0.14536683 -0.14829402 -1.14336892 -1.14029557
  0.86504617  0.65716495 -1.29612872 -1.32932439 -1.29219621 -1.32453876
 -0.32560056  0.66194234 -0.33634227 -1.2911166   0.65222502  0.63011516
  0.62816458 -0.36274537 -0.36346586  0.61269489  1.60595969  0.60447304
 -0.38834775  0.56799188  0.56723435 -0.44342188  0.58797032  0.58369422
  0.57420333 -1.41900828  0.57687829 -0.42652386 -1.21056385 -1.20814289
 -1.20741401  0.79465568  0.80262479 -0.18918536 -0.18775975  0.80639473
  0.79595553  0.62289391 -0.37112456  0.63172614  0.63162447  0.63734504
  0.64620378 -0.3542803  -1.35653534 -1.36051453  0.49854979 -1.38931332
  0.49464833 -1.39225594 -1.4895826  -1.39496669  0.62025791 -1.47424405
 -1.39143819 -0.92850393  0.0259852   0.01061775  1.62597493  0.71592378
  0.18373927 -0.25401616 -0.06373784 -1.0643025 ]
Number of iterations: 6429
Final cost: 0.284950336815
-----------------------------------------------

Learning Rate: 0.1
Weights: [-2.33060509 -0.57566477  0.43564589  0.41802791 -1.50555613 -0.49544724
 -0.48324375 -0.49976924 -0.52982998  0.4524181   0.52763473 -1.49309157
 -1.47541002 -1.46918859 -1.45903152 -1.45882354  0.53244477 -0.4757345
 -1.47699788 -1.63190282 -0.64905385 -0.65739958  0.40725593  0.38781722
  0.3781354  -0.60841502 -0.62121018 -0.61381727 -1.36661254  0.66839877
 -1.35616469 -1.3280084   0.65752463 -0.33640381  0.65252289 -0.35356857
  0.66894528 -0.96347184 -0.85402949 -0.95902475 -1.84598667  0.05150737
  0.05624211 -0.94520612  0.05794199  0.15958001 -1.19067443 -1.13832334
 -0.14321505 -0.14277532 -1.15380521  0.85401168 -1.18858966 -1.18093198
  0.87668426  4.02177575  2.96594986  3.00944075  1.88096374  2.85528315
  3.8235183   3.80798634  1.84803585  2.87789845  0.49957717 -1.47882903
  0.47775026 -1.47003433  0.5019344  -0.4742742  -0.43423396 -1.45713212
  0.53228447 -0.57415458 -1.54919062  0.45614312 -1.54706427 -1.53764648
 -1.51479627 -1.53235795  0.45937751  0.46211772  0.18518899 -1.57023774
 -0.74385675 -1.52227261 -1.67261859  0.56281677  0.53569136  0.33126439
 -0.48371029  0.83339465  1.00716889 -0.94616948 -0.57065891 -0.4110226
  0.05069628  1.09885431  0.28294739  0.01220743]
Number of iterations: 17013
Final cost: 0.262350745307
-----------------------------------------------

Learning Rate: 0.1
Weights: [-1.59853755 -1.37764516 -1.3669769  -0.3692986  -0.32948819 -0.32773315
 -0.32816111 -1.32052621 -0.31834972 -0.32028575 -1.50900669  0.4610838
 -0.52227243 -0.50793068 -1.50115334  0.48141337  0.48405063 -1.51122374
 -1.5214946   0.42406101 -0.59426529 -0.58577646 -1.54653553 -0.5444804
  0.44488114  0.4510231   0.45654053 -0.54745948 -1.2385519  -0.22041693
  0.76809029 -1.21406424  0.76525733 -1.22902017 -0.2207107  -1.21104284
 -0.20036023 -1.8801184   0.18375707  0.12379351  0.20084169  0.15000158
  0.14959146  0.13650001 -1.87525519 -0.81036849 -1.17660098  0.78984346
 -0.21973906  0.82232486  0.81736032 -0.20992875  0.80401106  0.7948493
 -1.21095333  0.63665155 -0.37570296  0.61584208  0.65071481 -0.35682837
 -1.36866135 -0.34359697 -1.34279536  0.64179944  3.00853665  1.92384981
  3.92375954  3.83957916  1.81583545  3.71756354  3.68822453  2.71513755
  2.77564539 -0.37329072 -0.34085022 -1.36359058 -1.33666943 -0.34586947
 -0.33130751 -1.33721702 -0.35185678 -0.33406468 -1.77114875 -0.62493866
 -0.77528483 -0.59211207  0.2803471  -0.53291446  0.48890756 -0.67380107
 -0.57855832 -0.01134915 -0.00869547  0.99444393 -0.93457477  0.10431415
 -1.10352617 -2.56386068 -2.45924895 -1.86034297]
Number of iterations: 15700
Final cost: 0.246150102552
-----------------------------------------------

Learning Rate: 0.1
Weights: [-2.66577134  0.30618696 -1.70213327  0.29162508  0.375928   -1.61896942
 -1.64918168  0.36774831 -1.62633419 -0.6290802  -2.17825263 -1.21250685
 -1.19803568 -2.2118395  -0.21421679 -2.18548315 -1.13509849 -1.13394683
 -0.17770266 -2.08218361 -1.09548357 -2.06728462 -1.06151506 -1.06838184
 -0.06303286 -1.04561061 -1.02624704 -0.02788969 -0.68256218 -0.67916423
  0.33627136  0.31803758  0.35287486 -1.62874787 -0.64721831 -0.65992021
 -0.66902255 -1.3769821   0.74219236 -0.38935578 -1.23344211 -0.35643738
 -1.35857915  0.64245215  0.63479916 -1.24585672 -0.32349681 -1.196098
  0.80730261 -1.26741117  0.72270246 -0.21143307  0.7525244  -0.21649139
 -1.16130267 -0.73124846 -1.68961464 -1.72665745  0.31357717 -1.7073755
 -1.70634773  0.30384384 -0.68993165  0.32577112 -1.54894667 -0.52961883
 -1.54355194  0.49302628  0.48571841 -1.51130198  0.50594401 -0.50403415
 -1.50008498  5.51240762  4.46025999  5.46924535  4.26101484  6.28480913
  4.19354489  6.16116776  5.2083887   5.22983647 -0.23345946 -1.05996756
 -0.28986855  0.28289917 -0.05610602 -1.85188525  0.16526407 -0.07613427
 -1.76408606 -0.04637724 -0.97780815 -1.0257957  -0.65521264 -1.81408721
 -1.08645353  0.74731911  1.79699489  1.5263401 ]
Number of iterations: 26954
Final cost: 0.204050318995
-----------------------------------------------

Learning Rate: 0.1
Weights: [ -3.94657689e+00  -8.34263215e-02  -8.19508726e-02  -1.08044362e+00
   9.44075736e-01  -1.06194941e+00  -5.68896981e-02  -5.67328340e-02
   9.45665718e-01   9.47233647e-01  -2.97183848e-01   7.69921500e-01
  -1.28500124e+00  -1.26112969e+00   7.01045551e-01  -2.69455045e-01
  -2.63412918e-01  -1.27363893e+00  -2.45140652e-01   2.07024850e-01
  -7.28200020e-01   2.09471764e-01   2.22581413e-01  -1.79189161e+00
  -7.39919612e-01  -1.73840163e+00   2.20237471e-01  -7.69864225e-01
   9.68515831e-01  -1.05611432e+00  -1.04183785e+00  -1.05319726e+00
  -3.81337459e-02   9.60958272e-01   9.72791176e-01  -1.02709345e+00
  -5.35784055e-02  -8.77980743e-01  -2.15518105e+00  -1.95683154e+00
  -3.14826584e+00  -2.95103635e+00  -9.52111042e-01  -8.74284740e-01
  -8.79262017e-01  -1.15579213e+00  -2.31695871e-03  -9.78412983e-01
   1.03995439e+00  -8.22821003e-03  -3.89212250e-03   3.46599104e-02
   1.04028243e+00   1.04647691e+00   1.02894238e+00   1.02227171e+00
   1.04667355e+00   5.72750107e-02   1.02492645e+00  -9.64217554e-01
  -9.31409817e-01  -9.31735586e-01   1.06589571e+00   5.48650147e-02
  -1.42476758e-01   8.64880720e-01  -1.14464539e+00  -1.12530692e+00
  -1.13079055e+00   8.67588840e-01  -1.36314166e-01  -1.14038226e+00
  -1.28049129e-01  -9.22876802e-01   3.32515226e-02   1.07391090e+00
   1.05047131e+00  -9.17679396e-01   1.08227765e+00  -9.13568146e-01
   8.97330639e-02   1.04779413e+00   4.91652372e+00   4.64763393e+00
   5.01986662e+00   4.37753897e+00   4.85389437e+00   5.58869337e+00
   4.50770870e+00   4.82376484e+00   3.42186508e+00   1.00625230e+00
  -1.00300905e+00   9.97970767e-01  -1.56225695e+00  -6.56259164e-01
   9.37470721e-01  -4.35076527e-01  -8.01705739e-01   8.71727676e-01]
Number of iterations: 12525
Final cost: 0.029850159702