
-----------------------------------------------

Learning Rate: 0.1
Weights: [ -2.16237920e+00   5.30195250e+00   6.22220145e+00   5.27340163e+00
   4.71504906e+00   4.72113652e+00   3.59420763e+00   4.52038016e+00
   4.55917521e+00   3.63201687e+00  -1.14976078e+00  -1.22728169e+00
  -2.12055989e+00  -2.16103585e+00  -6.99677153e-02  -1.13832094e-01
  -1.61823434e-01  -1.14847244e+00  -2.19453165e+00  -5.66918966e-01
  -5.41639927e-01  -1.51062890e+00  -4.32103957e-01  -4.73849212e-01
  -4.77683463e-01  -1.48697386e+00  -4.64844102e-01  -4.24926950e-01
  -1.68249208e+00  -1.69187161e+00  -1.68582982e+00   3.56568246e-01
   3.72700518e-01   3.35203928e-01   3.13668256e-01   3.13083439e-01
  -1.67802458e+00  -3.50212265e-01  -2.22620465e+00  -1.33713592e+00
  -1.20709935e+00  -3.14265869e-01  -2.31782639e+00  -1.33230030e+00
  -1.33245056e+00  -1.21077778e+00  -1.49656501e+00  -1.60428873e+00
  -1.59121638e+00   4.66655484e-01  -5.13074860e-01  -1.56873927e+00
  -5.46379336e-01  -1.55590843e+00   4.06164693e-01   2.21649265e-01
   1.72404003e-01  -1.70087662e+00  -7.97364891e-01   3.13794075e-01
  -1.68917760e+00   2.52716282e-01  -1.72672991e+00  -1.77251844e+00
  -9.22249443e-01  -9.43420425e-01   7.74957596e-02  -1.89970132e+00
  -1.88443158e+00   1.25560054e-01  -8.48593674e-01  -8.40864490e-01
   9.92620149e-02  -1.92157144e+00  -1.91545849e+00  -9.98792716e-01
   7.54934726e-02   6.15224702e-03  -1.92655628e+00  -8.11787703e-01
  -1.85499564e+00   9.61248931e-02  -2.76382556e+00  -3.42398424e-01
  -2.74600496e+00  -3.57112153e-01  -6.39690710e-01  -2.01334681e-01
  -1.95810837e-01  -1.59553666e+00  -1.30480017e+00]
Number of iterations: 34263
Final cost: 0.233350441003
-----------------------------------------------

Learning Rate: 0.1
Weights: [ -2.83118395e+00   1.87793921e-01  -8.45754407e-01  -7.73356262e-01
   3.00954842e-01  -6.97252473e-01  -7.23988914e-01  -1.73534883e+00
  -1.65612461e+00  -1.67298176e+00   1.10974257e+01   1.11301299e+01
   9.98649044e+00   1.10742290e+01   9.05215526e+00   1.00037879e+01
   8.93483217e+00   8.80990770e+00   1.09074511e+01  -1.82088310e+00
  -3.05389216e-03  -1.82644042e+00  -8.59412823e-01   2.52174956e-01
   1.55325374e-01  -8.53157796e-01  -7.51533306e-01  -1.86965104e+00
  -4.36373035e-01  -4.10792991e-01  -1.43201342e+00   5.96531978e-01
  -1.42420639e+00  -4.10071459e-01  -1.39344542e+00  -1.38790999e+00
   6.18160560e-01  -2.02524910e+00  -1.84403455e+00  -1.95541757e+00
  -1.84043275e+00  -1.94045552e+00  -2.92265980e+00  -2.98520973e+00
  -9.99349908e-01  -2.83398256e+00   2.92433663e-01  -6.81256660e-01
  -6.70627120e-01   3.69273008e-01   3.75039717e-01  -6.57768444e-01
  -1.72579798e+00   2.83283724e-01  -1.66306561e+00   1.34069730e-01
  -1.88331558e+00  -1.86265986e+00  -1.89361721e+00  -8.38951040e-01
   1.97784709e-01  -1.79540010e+00  -1.81740062e+00   1.14411311e-01
  -1.79756067e+00  -6.95883448e-01  -1.68490051e+00  -1.71013398e+00
   3.20138797e-01  -6.09020233e-01  -6.54087454e-01   3.06215107e-01
  -6.81841041e-01  -4.96664726e-01  -1.41662409e+00  -2.44119483e+00
  -3.66001086e-01  -2.37996835e+00  -3.90196269e-01  -4.56618492e-01
  -2.47715792e+00  -2.38850180e+00  -1.87022898e+00  -1.20978611e+00
  -1.80021020e+00  -2.60138483e+00  -2.74990943e+00  -2.18212193e+00
  -2.04965943e-01  -2.76944406e+00  -1.57464540e+00]
Number of iterations: 57321
Final cost: 0.106750061055
-----------------------------------------------

Learning Rate: 0.1
Weights: [ -2.61966064e+00  -1.92585753e+00  -9.03289626e-01  -1.02839262e+00
   1.98195489e-01  -1.84077148e+00  -8.28230163e-01  -7.62908793e-01
  -8.26685732e-01   1.58509483e-01  -1.18453508e+00  -2.47059912e-01
  -1.10339263e+00  -1.89664162e-01  -2.10148609e+00  -1.17594779e+00
  -1.21447127e+00  -2.10025684e+00  -1.36960988e-01   9.80502215e+00
   8.74716796e+00   9.78766605e+00   9.60129636e+00   7.66663225e+00
   8.51588002e+00   9.42902233e+00   8.50833007e+00   7.54506086e+00
  -1.62055839e+00   3.95277031e-01   3.98274141e-01  -1.60098026e+00
  -5.98153951e-01  -1.58323498e+00   4.34538926e-01  -1.54748078e+00
  -1.56259725e+00  -2.64868407e+00  -3.56656878e+00  -1.58554342e+00
  -3.55856793e+00  -2.55449813e+00  -3.54344760e+00  -2.59594324e+00
  -2.60627449e+00  -3.55691400e+00  -6.01484505e-01  -7.03408543e-01
  -7.73895004e-01  -1.66422039e+00  -6.93632837e-01   2.58105856e-01
  -1.60791365e+00   3.78400498e-01   2.92218100e-01  -1.81278363e+00
  -7.59996186e-01  -8.12829185e-01   3.07640223e-01  -1.76673803e+00
   2.07521342e-01   2.29165393e-01   2.58451971e-01  -1.68038896e+00
  -2.02356768e+00   9.44891403e-04  -1.97983723e+00  -9.62716193e-01
  -9.67539654e-01   5.73397844e-02   8.59075983e-02  -1.88087354e+00
  -9.03302145e-01  -7.69915672e-01  -2.71856071e+00  -1.88229401e+00
  -6.95673580e-01  -2.81983584e+00  -8.06627291e-01  -2.70480931e+00
  -1.75727525e+00  -2.73412676e+00  -3.58986924e+00  -2.93181690e+00
  -3.80774666e+00  -3.27045379e+00  -4.68134987e+00  -3.28032395e+00
  -4.19666206e+00  -3.62869683e+00  -3.33760330e+00]
Number of iterations: 59014
Final cost: 0.127050426255
-----------------------------------------------

Learning Rate: 0.1
Weights: [-2.06767664  0.15754777  0.14921425 -1.79823609 -0.78435409 -1.74089888
  0.29722505  0.32032031 -0.68165249 -0.73010752  0.04296459 -1.98455012
 -1.9664284  -1.98953077  0.01957745 -1.94880571  0.08976302 -0.90914323
 -1.95331464 -1.02963653 -0.03776579 -2.00348326  0.01204912  0.03637201
  0.07394979  0.06494687  0.05058007 -1.96901799  4.22792347  3.15887423
  2.17614048  3.06614056  2.04044202  4.01347826  3.02238873  4.01721845
  3.02640054 -0.60423341 -0.4782401  -1.63502226 -0.46143356 -1.61036203
 -1.61205512 -0.58061746 -2.58152378 -1.45942581 -0.5902523  -0.58973626
  0.33943782 -1.5767643  -0.61127282  0.37458371 -0.57692431  0.40347427
 -0.60921349  0.4634624   0.46935164 -1.52838504 -1.53934981 -1.51981997
 -0.49086376 -0.47319238  0.50616767 -1.53296609 -0.7382716  -0.74346696
 -0.69861625 -0.71877206  0.30588433 -1.68482615 -0.67764757 -1.66048368
 -0.69136703 -0.80960938 -0.72152295  0.20959735 -1.71165201 -1.74691341
 -1.7274816  -0.74684663 -1.76868295  0.29196701 -2.3839155  -1.05108359
 -2.37642816 -0.05491369 -1.27080054  0.11816107 -0.89029151 -0.25337772
 -0.02507263]
Number of iterations: 28649
Final cost: 0.268850125039
-----------------------------------------------

Learning Rate: 0.1
Weights: [-3.10014138 -1.45339606 -0.42581256  0.55973135  0.60433876 -0.41514336
 -0.4026333   0.60687641 -0.39613639  0.60968233 -0.28819485 -1.29694238
 -0.28242931 -0.2830017  -0.28150153 -0.28648233 -1.28549453 -0.27135784
  0.72509236 -1.00368018 -1.0104725  -0.99083489 -0.99255157 -0.98930305
  0.01034585 -0.98554855  0.02408027 -0.98503921 -1.13512459 -0.1238711
  0.88379724 -1.12191609  0.89204862 -1.10643221 -1.12580644 -1.12952196
  0.87774993  5.29635177  4.3447274   4.35402493  3.29513037  3.283729
  5.25990938  4.18852988  3.20875903  3.29492592  0.71778151 -1.30370355
 -0.29736007 -0.28719498 -0.26581279  0.72004323 -0.28424372 -0.29288025
  0.69123875  0.67451759 -1.32133269  0.6571309  -1.28802203 -0.29514442
 -1.3257265  -1.34406728 -1.35100759  0.67780615 -1.37671149  0.63113437
  0.64099556 -1.35453539  0.66232065 -0.32915513 -0.34083711  0.65614145
  0.6482704   0.79945157 -0.21020734 -1.19341421 -1.17742037 -1.18216071
 -1.20424862 -1.20600234 -0.18774811 -1.17915121 -2.21275174 -3.61619163
 -2.32248747 -1.26078777 -2.25697247 -2.58765541 -2.52398811 -1.26686787
 -2.31702106]
Number of iterations: 16412
Final cost: 0.112051514862
-----------------------------------------------

Learning Rate: 0.1
Weights: [-2.02126371  0.40882183 -1.55930293 -0.57221509 -1.51147009 -1.51220538
 -0.48512968 -0.47416701 -0.47828595 -0.47446948 -0.21392311 -2.2255174
 -0.20553623 -0.20736238 -2.19126561 -0.19768361 -2.18955665 -0.16730836
 -0.1904467   0.33942535 -1.68813039  0.3003568  -1.62096241 -0.62756072
  0.32443717 -1.64749193 -0.62706708 -1.63661196 -1.70796641  0.34131267
  0.29447457 -0.63773637  0.31421764 -1.68803478 -0.68585323 -0.67730335
  0.36338571 -1.31510497 -1.1118361  -2.25477761 -2.09805015 -1.23623877
 -1.23748364 -0.29212612 -1.28502315 -1.0912624   2.87000704  2.86944383
  2.89336412  3.84000883  1.84812546  1.81393166  3.72089307  2.7223095
  2.80453257  0.12417162  0.16171757 -1.89276842 -0.82142588 -1.83792214
 -0.82403403  0.16914514  0.1404643  -0.83982966  0.22559545 -1.76224951
  0.24054857 -1.76476487  0.26679506 -1.69058586 -0.6802148  -0.70262527
 -0.7475698  -0.90565243 -0.8576346  -1.83930117  0.12057426 -0.84813708
 -1.8021034  -0.83549175 -1.84230786 -1.83621154 -1.05846849 -1.56605909
 -3.01936865 -0.55599475 -0.96378783 -1.58282611 -0.5576745  -1.93753466
 -1.54582399]
Number of iterations: 28563
Final cost: 0.270350582507
-----------------------------------------------

Learning Rate: 0.1
Weights: [-2.18337523 -1.77839964  0.23491762  0.20590307 -1.68508817 -1.66030994
 -1.63250257 -1.67965294 -0.74055147 -0.77131019 -0.23336435 -1.27211109
 -1.23443704 -2.21681774 -0.19435801 -1.19317933 -0.21407952 -2.2305286
 -0.23075523 -1.96189203 -0.98782922 -1.01451594 -1.88948937  0.06334496
 -1.95462075 -0.9290457  -0.96115407  0.06456906 -1.56940624  0.50421139
 -1.54266928 -0.49249551 -1.51666459  0.50000344 -0.5275879   0.4584304
 -0.496139   -2.42378102 -0.20088202 -0.41116719 -1.1903518  -1.39782176
 -2.38534068 -0.39040116 -0.382731   -1.17633376 -1.4648945  -1.35124786
 -1.35796218  0.63949907 -0.38110215 -0.36422397 -1.45667576  0.563222
 -0.31564352  4.62153259  4.52432172  5.60696281  4.37787078  5.33051642
  5.26809007  6.24018037  6.32142471  5.37246645 -0.01984501  0.02477495
 -1.06876024 -0.95699966 -1.01884105 -0.96897871 -0.88298889 -0.9305735
 -0.95142461 -2.1554205  -1.11080233 -2.08742712 -0.10627791 -1.08105524
 -1.032912   -2.07038522 -0.0821087  -0.08234252 -0.5849292  -2.14917769
 -0.43880496 -1.03580641 -0.31964593 -1.89987492  0.04688963 -2.3146708
 -0.96064772]
Number of iterations: 38821
Final cost: 0.233650268208
-----------------------------------------------

Learning Rate: 0.1
Weights: [-2.1766966  -0.92319065  0.10276159 -0.90388959  0.18629105 -0.80464486
 -1.80177629 -1.78579277 -0.78858433  0.20361655 -1.38942498 -1.44443114
 -0.41636447 -1.37723342 -0.36806517 -2.40337029 -1.39732933 -0.38607591
 -1.40470853 -0.06271016 -0.09134062 -1.08411393 -2.01320115 -0.01637874
 -2.03331935 -0.01847763 -2.0087989  -0.01227384 -1.5137967  -0.49289687
  0.49030781 -1.47681626 -1.51394068 -1.50761092 -1.48332761 -0.46274783
  0.5470251  -2.22099791 -2.12243383 -0.21509795 -0.09661133 -1.17529447
 -2.17694154 -2.19868089 -1.22003949 -0.1172685   0.51979112 -0.56431029
 -0.59418453 -1.48856606 -1.50146955 -1.56691218  0.47802349 -0.54470566
 -1.57119563  0.14447623 -0.90350939 -1.91150785  0.16577592  0.15411488
  0.11184504 -0.82909743 -0.82177151 -1.86520045  6.2551795   6.12667579
  4.10898     5.00784231  3.95189962  3.77524546  4.72702427  5.76911379
  5.88830297 -1.72843251 -0.68481716 -0.71989336 -1.67223411 -1.68564835
  0.3341617  -0.66882241 -0.69297779 -1.67077372 -1.08942993  0.10145491
 -1.11228607 -1.85622636 -2.04541879 -1.76222702  0.29184999 -1.95046713
 -1.83981251]
Number of iterations: 34410
Final cost: 0.228350220744
-----------------------------------------------

Learning Rate: 0.1
Weights: [ -2.43454722  -1.96283991  -1.98375038  -1.98371882   0.1300411
  -0.85671794  -1.92623861  -0.91393404  -1.89575386  -1.88057589
  -3.06060925  -1.11046461  -2.09688721  -2.12159305  -2.13638381
  -1.07593106  -1.97596769  -2.97655646  -1.05103748  -1.01279755
  -1.0279419   -1.98488339  -0.97905275  -2.9921508   -0.97496811
  -2.94335533  -1.91659902  -2.91638013  -0.1528463   -2.15879392
  -1.11875914  -0.16623013  -1.08844065  -2.04982108  -0.08334168
  -0.10980139  -0.13955898   0.3713832   -0.44898639  -0.67431483
  -1.40805518  -0.61776226  -0.61964951  -1.59597299  -1.61080463
  -0.4309667    0.39595421   0.6499844    0.66596872  -1.49614162
  -1.51278703  -0.37648213  -1.4465218   -1.37938687  -1.27578239
  -1.22366256  -0.13050297  -1.20505804  -0.13540869  -2.18088927
  -2.16915071  -2.15703598  -2.14623514  -1.10523434  -0.23593097
  -0.19444937  -1.21852509  -1.14198895  -1.15723435  -1.14679223
  -2.11102144  -1.13179123  -0.1274537    8.11162948   8.04426682
  10.04868223   8.77487956   7.82406799   7.67648315   9.61988444
   8.68782117   8.72003367  -2.21091609  -0.97438121  -1.31963918
   0.58174815  -0.97772062  -1.68320691   0.3590818   -2.01973817
  -1.52533378]
Number of iterations: 57599
Final cost: 0.16535029105
-----------------------------------------------

Learning Rate: 0.1
Weights: [-4.43048369  0.95492092 -0.04375848 -0.04251829 -0.02150608 -1.02821012
 -1.02100856 -0.02097768 -1.01838282 -1.01667453  0.62613854 -1.29736726
 -0.36227353  0.66880872  0.62329454 -1.34408624 -1.33579723 -0.34699508
 -1.31345535 -1.86217267 -1.7881511  -1.85865252  0.15425786 -0.86282841
  0.19600033 -0.80208422 -0.84796732  0.16392872 -1.06622084 -0.09791415
 -0.08171611 -0.09390697  0.92343086  0.92183716 -1.06133073 -0.061322
 -1.09496785 -1.02818818 -1.33925502 -3.11710718 -1.33165002 -3.11089871
 -2.11211851 -2.02393655 -2.0297018  -3.33991385 -1.13616771 -0.11393028
  0.90474976  0.85671194  0.86308399 -1.09769705  0.91250539 -0.07885582
 -0.10382192 -0.93134998 -0.90834475 -0.8951997   1.0680262  -0.92023886
 -0.88543445  0.11501865 -0.88691015  1.09996894 -0.21443686 -0.20485673
 -0.21654835 -0.19089397  0.80222845  0.80011358 -1.20328496  0.79139501
 -1.19423501 -0.83422122 -0.88860146  0.16038215 -0.87261051 -0.8338321
  0.16520755 -0.82902672  0.1754841   1.12434082  5.4656989   5.14486198
  4.58646318  4.85431846  5.40758626  6.09501494  5.99887837  5.37067702
  4.90701596]
Number of iterations: 18180
Final cost: 0.0219515616391