
-----------------------------------------------

Learning Rate: 0.1
Weights: [ -1.81251363e+00   1.08879311e+00   1.08609977e+00   1.08668361e+00
   1.07576409e+00   1.07633911e+00   1.07288632e+00   1.07231443e+00
  -9.27770779e-01  -9.27260865e-01   7.84425645e-01   7.82428821e-01
  -2.16754637e-01  -2.12514437e-01   7.87855880e-01  -2.12174519e-01
  -2.09387785e-01  -1.20897762e+00  -1.21254046e+00  -1.46516821e+09
  -3.32509922e+08  -4.31425894e+07  -1.96108423e+08  -1.48745096e+09
  -5.05184963e+09  -1.09173886e+12  -3.14713509e+12  -9.00905161e+12]
Number of iterations: 194
Final cost: 80.8731330545
-----------------------------------------------

Learning Rate: 0.1
Weights: [  8.08323175e-01   9.11059165e-01   9.13752489e-01   9.13180727e-01
  -1.07590472e+00  -7.64789667e-02   9.26959066e-01  -1.07245656e+00
   9.27644338e-01  -1.07288110e+00  -7.84688085e-01   1.21730287e+00
  -7.83528013e-01  -7.87743065e-01  -7.88131627e-01   1.21189793e+00
   2.09137302e-01   1.20872506e+00   1.21227889e+00   1.46538207e+09
   3.30402881e+08   4.32565150e+07   1.95925533e+08   1.48754808e+09
   5.05163993e+09   1.09173926e+12   3.14713521e+12   9.00905190e+12]
Number of iterations: 194
Final cost: 100.574105206