
-----------------------------------------------

Learning Rate: 0.1
Weights: [  1.62429637   6.22956384   6.36024869   7.21899195   5.75004973
   6.74872648   5.74384329   5.67927975   7.52662705   5.66181528
 -14.72882289 -14.87977364 -15.56842612 -15.77171843 -16.65567953
 -15.64715293 -16.58853099 -14.42076814 -15.61872734]
Number of iterations: 69618
Final cost: 0.11105004594
-----------------------------------------------

Learning Rate: 0.1
Weights: [ -1.61607682  -6.74618486  -5.88282529  -6.73861285  -5.33331698
  -6.33062355  -7.32330398  -6.26839004  -6.11564918  -7.24252523
  14.58486302  16.72767949  16.42505777  16.62351597  14.51613027
  14.50668942  15.44781303  14.28074483  16.47082254]
Number of iterations: 69653
Final cost: 0.110950332528