
-----------------------------------------------

Learning Rate: 0.1
Weights: [-2.17783527  2.11475279  4.05097382  2.08524882  3.7367005   3.74262962
  3.66152688  1.62340131  3.64844375  3.68292148  0.25356998  0.21081285
 -0.73193476  0.25039272 -0.7008074  -0.72526619 -1.74905428  0.26020955
 -1.76582582 -0.49149849 -0.48008006 -0.46482323 -1.43765731 -0.45945401
 -1.46335014 -0.46719764 -0.45451241 -0.43395413 -0.3615609  -0.36680988
  0.63817383 -0.34254279 -1.33276188 -1.35117305  0.63704877 -0.36294797
 -0.359488    0.33729539 -0.59468923 -1.65511931 -1.58489143 -1.64400157
 -1.6459755   0.34553746 -0.65409507 -1.5863897   0.31995295  0.26463317
  0.26692181 -0.69031094 -0.67648554  0.28633181  0.30036612  0.3028342
 -0.72237744 -0.37956194 -1.40556696  0.65463302 -0.3887115   0.66320732
 -1.34049103 -1.36690011 -0.3565051  -1.37789196 -1.60088014  0.38940628
 -1.60067023 -0.57982645  0.4269377  -0.56918573  0.44561736  0.44898567
  0.41766415 -0.66104714  0.34268301  0.3001027  -0.6538517  -0.68858696
 -0.65555847 -1.59722392  0.37992552 -0.64485046 -1.03649246  0.18272009
 -0.03610496 -1.81657583 -0.97194644 -1.73991827  0.26706318 -1.94397101
 -0.7906133 ]
Number of iterations: 16416
Final cost: 0.255950487927
-----------------------------------------------

Learning Rate: 0.1
Weights: [-2.62024635 -0.74442052 -0.76842485  0.27439794  0.35440825 -1.64567795
 -0.66881441 -0.66531562  0.38383154  0.36478338  8.02999998  7.04656021
  7.94961719  6.99527637  5.97520919  6.9401207   7.89579723  5.80966626
  7.87788103  0.27786914 -1.83878267  0.27668385  0.2661392   0.33890944
 -0.72446017  0.26809817 -0.66530438 -1.74021174 -1.3315274  -1.3185119
 -0.32906348  0.68829258  0.67640082 -1.31609317 -1.30499062 -0.30036547
  0.70174306 -0.8824073  -0.75503508 -2.83674197 -2.74863714 -1.82056777
 -0.80871263 -0.84989046 -0.8599969  -0.74523418  0.65561415 -1.33358671
  0.6722484  -0.29766973  0.70412718 -1.32141556 -1.36436604 -0.36039474
 -1.32498158 -0.75006005 -1.75762453  0.25529492  0.2419462  -0.72255343
 -0.69917821  0.30834465 -1.7060911   0.24678905 -0.58812982 -1.52370295
  0.48154126 -1.52973312 -0.51190442 -0.46527743 -0.48872688 -0.51350446
  0.48991394 -1.92433378 -0.87117072 -1.8913191  -1.84653312  0.14370081
 -0.85789923 -0.89694058 -1.91354779 -1.85898836 -0.26027457 -1.75564811
 -2.21466482 -2.03467213 -0.16542289 -0.72437168  0.26246286 -2.17131274
 -2.01277558]
Number of iterations: 31748
Final cost: 0.142950117707
-----------------------------------------------

Learning Rate: 0.1
Weights: [-2.40981103  0.49378713 -0.49506028 -1.56223695 -1.43731351 -1.45765245
  0.54918088  0.58605212 -1.44794992 -1.45766714 -0.55715397 -1.59375098
 -0.5134691  -1.56201342 -1.51299829 -0.55709465 -1.57863663  0.48595152
  0.4657577   5.89754424  4.8384403   4.87218642  4.70161734  6.73858751
  6.63432122  6.58609916  4.64047533  5.65989164 -0.3962263  -1.38401535
 -1.38012994  0.61841996 -1.37822202 -1.36971435 -0.36444515 -0.35430075
  0.64042021 -2.92444993 -2.87509899 -1.89228439 -0.86662794 -0.86871059
 -0.86131411 -0.88732917 -2.8949607  -1.86541762 -0.39683152  0.53992756
 -1.49926773  0.56527468 -0.44926667 -0.48037175 -0.40302954 -0.4098999
 -0.46211755 -1.41437905 -0.38088856 -0.41592594  0.65642524  0.60912864
 -1.40449781 -0.39412095 -1.37800857 -1.33743423  0.34697291 -1.63976747
 -0.62566951  0.38709555 -0.61270094 -0.59908965 -1.58592956  0.43292274
 -1.58138197 -1.16160601 -1.12462108 -0.21866169 -0.10930938 -1.179034
 -2.16762894 -2.11408778 -1.14648776 -2.12937873 -2.6404557  -3.20288026
 -2.7498666  -2.43822855 -3.68700671 -2.40869107 -1.36545375 -1.65208205
 -1.46714828]
Number of iterations: 29217
Final cost: 0.168950289444
-----------------------------------------------

Learning Rate: 0.1
Weights: [-2.1679969  -0.21370085  0.78390439 -0.19894877 -1.20075216  0.81371081
 -1.17197345 -1.16469419 -1.16573346 -0.1809716  -1.48497376 -0.49523422
  0.5121462   0.50698406  0.51202294  0.52247572 -1.46425237 -1.46342532
  0.5194062   0.69186748 -1.31124157 -0.30099879 -0.29675409 -0.28914476
  0.72283009  0.7200828  -1.28537445 -1.29170622  2.28303237  2.25870311
  0.26649726  2.22289921  2.21369186  1.20517256  1.20695558  2.20599008
  1.2108595   0.01864814  0.05668277  0.00394185 -1.93353038  0.01710702
 -0.98438446  0.02974466  0.02907539 -0.93414519  0.84535864 -1.15446027
 -0.17875103 -0.15052118 -1.1629429   0.83236949 -1.15157029 -1.15888802
  0.83806353  0.81137463  0.81528211 -1.18309641 -1.1879927  -0.18093779
 -1.17025879 -0.1654189   0.82807064 -1.18474671  0.69882799  0.69707632
 -0.28777018 -1.29107436 -1.28272914 -1.28032983  0.7231203   0.72863744
 -1.28278865  0.44179552 -1.52565028 -0.55155285  0.4872577   0.47407117
 -0.51806914  0.47761977  0.46748472  0.48698542 -0.3113305  -1.16436249
 -1.30388048 -0.19159863 -1.26768012  0.89567651  0.89052296 -1.25901693
  0.82304718]
Number of iterations: 9557
Final cost: 0.294450073213
-----------------------------------------------

Learning Rate: 0.1
Weights: [-3.03727227 -1.23127072 -0.21222234 -1.22018674  0.79764208 -1.21382085
 -1.20254695 -0.19982839 -0.20174595  0.80415849 -1.21406483 -0.21971355
 -0.21041864 -0.20981441 -1.20903947  0.78760529  0.78837481 -0.20236905
 -1.20456375 -0.18370918 -1.18696654  0.82526731 -1.16488653 -0.16351138
  0.83701964  0.83990174  0.84594609 -1.15945355 -0.15456884 -0.14802217
 -1.14336487 -0.14542292 -0.13595286 -0.13562968 -0.14737416  0.8500352
  0.85352993  2.17155153  3.2054284   3.21108593  4.17126222  3.16198671
  4.14637188  3.09846997  3.11240562  3.17164986  0.7562705   0.73976782
 -1.25547273 -0.24749894 -1.2318691   0.75725899 -0.24455814  0.75058324
  0.7375545  -1.22883072 -0.22967886  0.7566397  -0.20509278 -1.20917933
 -0.23157048 -1.24273561  0.7524983  -1.23014778 -1.16622691  0.84005776
  0.84621287 -1.15582481 -0.14516747 -0.13756694 -1.14652959 -0.14858477
 -0.15196074  0.79678961  0.78719827 -0.19932189 -1.18537395 -1.18828921
 -0.20479906  0.79526747 -0.19117283 -1.18708882 -2.57319726 -2.87813499
 -2.65177313 -2.615447   -2.60614677 -1.85766764 -1.813998   -1.61624681
 -1.65786937]
Number of iterations: 10394
Final cost: 0.121550368859
-----------------------------------------------

Learning Rate: 0.1
Weights: [-2.11571336 -0.1850658  -1.17441959 -1.17819983 -1.15962071  0.84030939
 -1.15038542  0.85410406 -1.14636483 -1.14541359  0.63684795 -1.36953814
  0.64020292 -1.36367597 -1.35605115 -1.35895671 -1.35694604 -0.34889034
  0.64213221  0.6902127  -1.32329064  0.6756142  -0.29026311  0.70867001
 -1.31229658  0.69695221 -0.29377633 -1.29754772 -1.16585133 -1.14698158
 -1.16377348  0.85903457 -0.15874255 -1.15911094 -1.15993262 -1.15693654
  0.85963979  0.31304771 -1.60136995 -1.66294161  0.40627778  0.34707236
  0.34632574  0.32412512 -1.67342097 -1.59164951  1.52013081  1.51942154
  0.52709186  1.50410034  0.49990798  2.49020085  0.45343663  1.44666152
  1.48694934 -0.48066074 -0.46643693 -0.48517144  0.54607691  0.54120894
 -0.45624362  0.54230747  0.53229915 -0.46294277  0.60470721 -1.39233475
  0.60963486 -0.38620244  0.62575051  0.63971938 -1.35334104 -1.36126522
  0.61878084 -0.56922757  0.4531307  -1.54334783  0.45262357  0.46235178
  0.48098932  0.46955196 -1.53540701 -0.53203618 -0.90828821 -0.69403821
  0.10694759 -0.68784433  0.14206164 -0.68452455  0.32502202 -1.84515654
 -1.68081081]
Number of iterations: 10315
Final cost: 0.295550252497
-----------------------------------------------

Learning Rate: 0.1
Weights: [-2.181153   -0.47641875 -1.46273129 -0.47985342  0.58116037  0.59167066
 -1.39098602 -1.4109816  -0.44095605  0.54488875 -0.49058339 -1.51325111
 -1.49437857 -1.48722012 -1.47629808 -0.47753881  0.5142411  -0.49294845
  0.50478516 -1.45186876 -1.46987691 -0.47748839 -0.41860746 -0.43825792
  0.55036412 -1.4367912   0.55120846 -0.44047737 -0.18922692 -0.15404326
  0.82096681 -1.15355414 -0.16918184 -1.16173723 -1.17262997 -1.17890772
 -1.15529418  0.36145611 -1.51822963  0.37067964 -1.51239205 -0.62172164
  0.38349386  0.37810639 -1.61819722 -1.5056895   0.70775302 -1.24159901
  0.75139866 -1.24297958 -0.2537764  -0.24921001 -1.28937917  0.71971535
 -0.22489214  4.00408523  2.94707846  3.98805381  2.86457603  2.83806238
  3.80534661  1.79097372  1.82939643  2.8592211  -0.59027332  0.43123645
 -1.61030843 -1.55396329 -0.58075613  0.44107375  0.480661    0.45856962
  0.44710799 -1.66540294  0.35877163 -1.63600162  0.36604755 -0.62579986
  0.39591295  0.3801941  -1.62740921 -0.62501605 -1.06471168 -0.8458531
 -2.00540664  0.22971106 -0.92730289  0.29008627 -0.72984235  0.07957401
  0.26372591]
Number of iterations: 16783
Final cost: 0.263250135168
-----------------------------------------------

Learning Rate: 0.1
Weights: [-2.18128437  0.41131816 -0.57151878  0.42259273 -0.5167785  -1.5131177
 -1.51257256 -0.50081878  0.49651563  0.49088594 -1.83085842  0.13625878
  0.15473478 -0.82418917  0.18415175 -1.83582618  0.16702191  0.17380726
 -1.83898568 -1.55836084  0.42137294 -0.57091476  0.46697943  0.46778578
 -1.54415493 -1.53560505 -0.52924237  0.46631466  0.71533168 -0.2695777
 -0.28111743 -1.26131375 -1.28336038 -1.27998581 -1.26857161  0.74224323
 -1.24878262 -1.72747618 -1.66262344  0.27637304 -1.64724198  0.30031088
 -1.7009446  -1.71421931  0.2740842   0.34131174  0.75122662 -1.2961782
 -1.31254621 -1.25431627 -1.26116842 -0.29836878  0.72563993 -0.28642972
 -1.3003978  -0.38810163  0.58799789 -0.4183595  -1.37704804 -0.38595435
 -1.40808052  0.62211796 -1.37369689 -0.39337667  4.23566245  4.14125788
  2.14098862  3.05518515  3.02907039  1.91832275  3.88808023  3.91739474
  3.98152141 -1.46379988 -0.43593158  0.54181816 -0.42831287 -0.43761885
 -1.42493385 -1.42677224 -0.44099365 -0.42672782  0.17015687  0.30328751
 -0.84122985 -0.66121783 -1.7875571  -1.6070155  -1.57849368  0.26395424
 -1.64994335]
Number of iterations: 17272
Final cost: 0.251450146323
-----------------------------------------------

Learning Rate: 0.1
Weights: [-2.34466582  0.20471369 -0.80552273 -0.81173013 -1.71123455  0.29176308
  0.25752883 -1.7232004  -0.71593445  0.28046193 -0.11028183 -2.14034361
 -1.12816853 -1.14081519 -0.14479853 -2.11628112 -0.06800446 -2.06620423
 -2.1065155  -1.9107521  -0.92239791 -1.89671687 -1.8974669   0.09492846
 -1.89959374 -0.88337838 -1.86544347 -1.86534389 -0.712289   -0.70969277
  0.30606242 -0.71193799 -0.67736473 -1.65901557  0.32414174  0.31211796
  0.301718    0.58684536 -1.30207111 -0.42558814 -1.27787939  0.60693096
  0.60525286  0.60695159 -1.40073428 -1.28996602 -0.52594873 -1.40616222
  0.59753241 -0.47151061  0.52283589  0.58278351 -1.4474085  -0.41211076
  0.63295916  0.30020763 -0.65741796 -0.69620769 -0.65467167 -0.67729682
 -1.67516518 -0.66312623 -0.65749944 -1.6417813   0.34298532 -1.63332573
 -1.64824176  0.39423605  0.38659639  0.39147603 -0.59189124 -1.60269008
 -0.59826574  4.48810804  4.43577309  6.44407024  5.2394039   5.26268011
  4.17403814  5.14318959  5.18893736  5.20877567 -0.04335746 -1.88706099
 -0.10682561 -0.57035634  0.10742405  0.29784477 -1.67743594 -0.9051712
 -0.61889498]
Number of iterations: 26253
Final cost: 0.209250226757
-----------------------------------------------

Learning Rate: 0.1
Weights: [-4.15254756  0.95365524 -0.04449096 -1.04394033 -0.02179044 -0.02860933
 -0.02299713  0.9766198  -1.02161212 -1.01859621  0.50463971  0.57623834
  0.5173417  -0.4527635   0.50739471 -0.46169552 -0.45456163 -0.46479155
  0.5643951  -1.79556064 -0.72559168 -1.79345676 -0.7817546  -0.79816242
 -0.74244357 -0.7405562  -1.78496417 -1.77369989 -0.14781786 -1.17638356
 -0.15987577  0.82847017 -0.15424157  0.84357903  0.85742106 -0.14193943
  0.82743883 -1.03137993 -1.33217643 -3.11728509 -3.32474352 -1.11118008
 -1.11253272 -1.02779522 -3.0329799  -1.33288783 -0.01944998 -0.99751754
  0.0209423  -0.02770274 -0.0231     -0.98394988  0.02519365  0.03178784
 -0.99009689  0.98191931  1.00673438  1.0181521  -1.0129836  -1.00266268
  0.0293299   0.03045277  1.02908208 -0.98304951 -0.16736211 -1.15960254
 -1.16986183 -0.14704518 -0.15313156  0.84393789  0.83921542 -0.16499464
 -0.15133009  0.11970917  1.07074031  1.11470275  0.08786455 -0.87789309
  1.12130137 -0.87313286 -0.86913431 -0.91531549  5.34234034  5.04900056
  5.45034929  3.74823688  5.26263237  4.97336602  3.89003388  4.23310803
  3.79481326]
Number of iterations: 12965
Final cost: 0.0297507005757